"Observation.Number"	"dist_cod"	"county"	"district"	"gr_span"	"enrl_tot"	"teachers"	"calw_pct"	"meal_pct"	"computer"	"testscr"	"expn_stu"	"avginc"	"el_pct"	"read_scr"	"math_scr"	"str"	"str2"	"csr"	"above_dummy"
"1"	1	75119	"Alameda"	"Sunol Glen Unified"	"KK-08"	195	10.89999962	0.510200024	2.040800095	67	690.7999878	6384.911133	22.69000053	0	691.5999756	690	17.8899088805656	0.343589743589744	0.343589743589744	1
"2"	2	61499	"Butte"	"Manzanita Elementary"	"KK-08"	240	11.14999962	15.41670036	47.91669846	101	661.2000122	5099.380859	9.824000359	4.583333492	660.5	661.9000244	21.5246644107061	0.420833333333333	0.420833333333333	1
"3"	3	61549	"Butte"	"Thermalito Union Elementary"	"KK-08"	1550	82.90000153	55.03229904	76.32260132	169	643.5999756	5501.95459	8.977999687	30.00000191	636.2999878	650.9000244	18.697225227904	0.109032258064516	0.109032258064516	0
"4"	4	61457	"Butte"	"Golden Feather Union Elementary"	"KK-08"	243	14	36.47539902	77.04920197	85	647.7000122	7101.831055	8.977999687	0	651.9000244	643.5	17.3571428571429	0.349794238683128	0.349794238683128	0
"5"	5	61523	"Butte"	"Palermo Union Elementary"	"KK-08"	1335	71.5	33.10860062	78.42700195	171	640.8499756	5235.987793	9.080332756	13.85767746	641.7999878	639.9000244	18.6713286713287	0.128089887640449	0.128089887640449	0
"6"	6	62042	"Fresno"	"Burrel Union Elementary"	"KK-08"	137	6.400000095	12.31879997	86.95649719	25	605.5500488	5580.146973	10.41499996	12.40875912	605.7000122	605.4000244	21.406249682251	0.182481751824818	0.182481751824818	0
"7"	7	68536	"San Joaquin"	"Holt Union Elementary"	"KK-08"	195	10	12.90320015	94.623703	28	606.75	5253.331055	6.577000141	68.71794891	604.5	609	19.5	0.143589743589744	0.143589743589744	0
"8"	8	63834	"Kern"	"Vineland Elementary"	"KK-08"	888	42.5	18.80629921	100	66	609	4565.746094	8.173999786	46.95946121	605.5	612.5	20.8941176470588	0.0743243243243243	0.0743243243243243	0
"9"	9	62331	"Fresno"	"Orange Center Elementary"	"KK-08"	379	19	32.18999863	93.13980103	35	612.5	5355.54834	7.385000229	30.07915688	608.9000244	616.0999756	19.9473684210526	0.0923482849604222	0.0923482849604222	0
"10"	10	67306	"Sacramento"	"Del Paso Heights Elementary"	"KK-06"	2247	108	78.99420166	87.31639862	0	612.6500244	5036.211426	11.61333275	40.27592087	611.9000244	613.4000244	20.8055555555556	0	0	0
"11"	11	65722	"Merced"	"Le Grand Union Elementary"	"KK-08"	446	21	18.60989952	85.87439728	86	615.75	4547.692383	8.930999756	52.91479874	612.7999878	618.7000122	21.2380952380952	0.192825112107623	0.192825112107623	0
"12"	12	62174	"Fresno"	"West Fresno Elementary"	"KK-08"	987	47	71.71309662	98.60559845	56	616.2999878	5447.345215	7.385000229	54.60993195	616.5999756	616	21	0.0567375886524823	0.0567375886524823	0
"13"	13	71795	"Tulare"	"Allensworth Elementary"	"KK-08"	103	5	22.42989922	98.13079834	25	616.2999878	6567.149414	5.335000038	42.71844482	612.7999878	619.7999878	20.6	0.242718446601942	0.242718446601942	0
"14"	14	72181	"Tulare"	"Sunnyside Union Elementary"	"KK-08"	487	24.34000015	24.6093998	77.14839935	0	616.2999878	4818.612793	8.279000282	20.53388023	610	622.5999756	20.0082168035648	0	0	0
"15"	15	72298	"Tulare"	"Woodville Elementary"	"KK-08"	649	36	14.63790035	76.27120209	31	616.4500122	5621.456055	9.630000114	80.1232605	611.9000244	621	18.0277777777778	0.0477657935285054	0.0477657935285054	0
"16"	16	72041	"Tulare"	"Pixley Union Elementary"	"KK-08"	852	42.06999969	24.21419907	94.29570007	80	617.3499756	6026.359863	7.453999996	49.41314316	614.7999878	619.9000244	20.2519611665821	0.0938967136150235	0.0938967136150235	0
"17"	17	63594	"Kern"	"Lost Hills Union Elementary"	"KK-08"	491	28.92000008	11.20160007	97.75969696	100	618.0500488	6723.237793	6.21600008	85.53971863	611.7000122	624.4000244	16.9778699392037	0.203665987780041	0.203665987780041	0
"18"	18	63370	"Kern"	"Buttonwillow Union Elementary"	"KK-08"	421	25.5	8.551099777	77.90969849	50	618.3000488	5589.885254	7.763999939	58.90736389	614.9000244	621.7000122	16.5098039215686	0.118764845605701	0.118764845605701	0
"19"	19	64709	"Los Angeles"	"Lennox Elementary"	"KK-08"	6880	303.0299988	21.28240013	94.97119904	960	619.7999878	5064.615723	7.021999836	77.0058136	619.0999756	620.5	22.7040227939307	0.13953488372093	0.13953488372093	0
"20"	20	63560	"Kern"	"Lamont Elementary"	"KK-08"	2688	135	23.4375	93.22920227	139	620.2999878	5433.593262	5.698999882	49.81398773	621.2999878	619.2999878	19.9111111111111	0.0517113095238095	0.0517113095238095	0
"21"	21	63230	"Imperial"	"Westmorland Union Elementary"	"KK-08"	440	24	34.77270126	100	69	620.5	5725.563477	7.940999985	40.68181992	615.5999756	625.4000244	18.3333333333333	0.156818181818182	0.156818181818182	0
"22"	22	72058	"Tulare"	"Pleasant View Elementary"	"KK-08"	475	21	21.64949989	91.54640198	53	621.4000244	4542.10498	9.630000114	16.21052551	619.9000244	622.9000244	22.6190476190476	0.111578947368421	0.111578947368421	0
"23"	23	63842	"Kern"	"Wasco Union Elementary"	"KK-08"	2538	130.5	18.91110039	70.8167038	169	621.75	5107.086426	7.40500021	45.07486343	622.9000244	620.5999756	19.448275862069	0.0665878644602049	0.0665878644602049	0
"24"	24	71811	"Tulare"	"Alta Vista Elementary"	"KK-08"	476	19	43.85589981	100	0	622.0500488	4659.661621	9.630000114	39.07563019	620.7000122	623.4000244	25.0526315789474	0	0	0
"25"	25	65748	"Merced"	"Livingston Union Elementary"	"KK-08"	2357	114	16.8010006	90.623703	216	622.5999756	4555.464355	8.019000053	76.66525269	619.5	625.7000122	20.6754385964912	0.0916419176919813	0.0916419176919813	0
"26"	26	72272	"Tulare"	"Woodlake Union Elementary"	"KK-08"	1588	85	22.40719986	85.14720154	198	623.0999756	5415.152832	8.522999763	40.49118423	625	621.2000122	18.6823529411765	0.124685138539043	0.124685138539043	0
"27"	27	65961	"Monterey"	"Alisal Union Elementary"	"KK-06"	7306	319.7999878	17.00149918	88.03489685	742	623.2000122	4997.871582	7.983181477	73.7202301	620.4000244	626	22.8455293268151	0.101560361346838	0.101560361346838	0
"28"	28	63313	"Kern"	"Arvin Union Elementary"	"KK-08"	2601	135	15.07110023	92.19529724	269	623.4500122	5223.912109	7.304999828	70.01153564	616.5	630.4000244	19.2666666666667	0.103421760861207	0.103421760861207	0
"29"	29	72199	"Tulare"	"Terra Bella Union Elementary"	"KK-08"	847	44	16.2928009	90.20069885	67	623.5999756	5139.164551	8.934000015	55.96221542	620.0999756	627.0999756	19.25	0.0791027154663518	0.0791027154663518	0
"30"	30	72215	"Tulare"	"Tipton Elementary"	"KK-08"	452	22	14.49890041	81.02349854	55	624.1500244	4614.251953	8.553999901	11.06194687	627.9000244	620.4000244	20.5454545454545	0.121681415929204	0.121681415929204	0
"31"	31	68379	"San Diego"	"San Ysidro Elementary"	"KK-08"	4142	201	35.5625	81.50650024	569	624.5500488	5342.233398	6.612999916	80.42008972	620.4000244	628.7000122	20.6069651741294	0.137373249637856	0.137373249637856	0
"32"	32	75440	"Monterey"	"Soledad Unified"	"KK-08"	2102	99.75	15.31989956	90.28489685	224	624.9500122	5347.458496	12.4090004	63.13035583	623	626.9000244	21.0726817042607	0.106565176022835	0.106565176022835	0
"33"	33	64816	"Los Angeles"	"Mountain View Elementary"	"KK-08"	10012	464.8999939	29.76390076	91.59339905	721	625.2999878	5036.458984	8.126615524	65.12185669	620.7999878	629.7999878	21.535814436155	0.0720135836995605	0.0720135836995605	0
"34"	34	66050	"Monterey"	"King City Union Elementary"	"KK-08"	2488	125	12.69200039	55.0929985	202	625.8499756	5117.141602	11.43099976	53.41640091	626.0999756	625.5999756	19.904	0.0811897106109325	0.0811897106109325	0
"35"	35	67819	"San Bernardino"	"Ontario-Montclair Elementary"	"KK-08"	25151	1186.699951	17.44260025	80.19560242	1713	626.0999756	5117.039551	11.72222519	49.82307053	625.4000244	626.7999878	21.194068457495	0.0681086239115741	0.0681086239115741	0
"36"	36	64758	"Los Angeles"	"Los Nietos Elementary"	"KK-08"	2267	103.6800003	19.15169907	84.43379974	177	626.8000488	5272.191895	11.33250046	35.46537018	625.4000244	628.2000122	21.8653548750038	0.0780767534186149	0.0780767534186149	0
"37"	37	65870	"Merced"	"Winton Elementary"	"KK-08"	1657	90.40000153	28.84729958	84.73139954	204	626.9000244	5225.719238	9.597999573	56.12552643	623.5999756	630.2000122	18.3296457074739	0.123114061557031	0.123114061557031	0
"38"	38	62380	"Fresno"	"Raisin City Elementary"	"KK-08"	284	17.5	14.52700043	94.93240356	18	627.0999756	6516.533203	14.55799961	32.39436722	628.9000244	625.2999878	16.2285714285714	0.0633802816901408	0.0633802816901408	0
"39"	39	68999	"San Mateo"	"Ravenswood City Elementary"	"KK-08"	5370	280	19.57169914	81.11730194	562	627.25	4559.176758	22.05999947	65.51210022	624.4000244	630.0999756	19.1785714285714	0.104655493482309	0.104655493482309	0
"40"	40	63578	"Kern"	"Richland-Lerdo Union Elementary"	"KK-08"	2471	121.8600006	23.79599953	87.77819824	275	627.2999878	5119.158203	9.708999634	53.05544281	627.5	627.0999756	20.2773673710289	0.111290975313638	0.111290975313638	0
"41"	41	72538	"Ventura"	"Oxnard Elementary"	"KK-08"	15386	669.3599854	12.50640011	71.43309784	1762	628.25	5338.185547	11.48294449	49.64253235	627.7999878	628.7000122	22.9861365118884	0.11451969322761	0.11451969322761	0
"42"	42	65680	"Merced"	"El Nido Elementary"	"KK-08"	184	9	22.2826004	85.86959839	40	628.4000244	5090.044922	8.17800045	45.10869598	621.5999756	635.2000122	20.4444444444444	0.217391304347826	0.217391304347826	0
"43"	43	63461	"Kern"	"Fairfax Elementary"	"KK-08"	1217	61.40000153	33.90800095	88.09519958	78	628.5500488	5485.496094	8.173999786	30.32045937	629.4000244	627.7000122	19.8208464116304	0.0640920295809367	0.0640920295809367	0
"44"	44	63404	"Kern"	"Delano Union Elementary"	"KK-08"	6219	268	21.49860001	100	571	628.6500244	4793.370117	7.5	52.24312592	621.0999756	636.2000122	23.205223880597	0.091815404405853	0.091815404405853	0
"45"	45	67199	"Riverside"	"Perris Elementary"	"KK-06"	4258	221	24.65950012	92.74310303	324	628.75	5092.91748	10.05049992	36.80131531	626.5	631	19.2669683257919	0.0760920620009394	0.0760920620009394	0
"46"	46	65078	"Los Angeles"	"Valle Lindo Elementary"	"KK-08"	1235	53	8.218299866	62.13019943	175	629.8000488	4359.520996	7.331999779	30.28339958	630.2000122	629.4000244	23.3018867924528	0.1417004048583	0.1417004048583	0
"47"	47	69369	"Santa Clara"	"Alum Rock Union Elementary"	"KK-08"	16244	766.6500244	17.4531002	69.73989868	1423	630.3499756	5645.495605	12.5815773	49.8645668	629.5	631.2000122	21.1882860275299	0.0876015759665107	0.0876015759665107	0
"48"	48	63438	"Kern"	"Edison Elementary"	"KK-08"	814	39	19.77890015	67.44470215	85	630.4000244	4518.016113	15.17700005	13.75921345	631.9000244	628.9000244	20.8717948717949	0.104422604422604	0.104422604422604	0
"49"	49	63321	"Kern"	"Bakersfield City Elementary"	"KK-08"	27176	1429	39.21839905	84.29499817	3324	630.5499878	5864.366211	12.109128	28.86370468	631.5999756	629.5	19.0174947515745	0.122313806299676	0.122313806299676	0
"50"	50	69450	"Santa Clara"	"Franklin-McKinley Elementary"	"KK-08"	10696	487.9700012	22.15780067	70.89569855	1306	630.5499878	5257.996582	11.78499985	52.80478668	628.5	632.5999756	21.9193802358685	0.12210172026926	0.12210172026926	0
"51"	51	64592	"Los Angeles"	"Hawthorne Elementary"	"KK-08"	8935	444.5	36.94509888	79.51200104	786	631.0500488	5016.692383	14.06200027	44.08506012	628.4000244	633.7000122	20.1012373453318	0.0879686625629547	0.0879686625629547	0
"52"	52	65193	"Madera"	"Chowchilla Elementary"	"KK-08"	1600	74.5	27.26140022	79.72550201	242	631.4000244	4720.086426	10.47200012	35.25	635.7000122	627.0999756	21.4765100671141	0.15125	0.15125	0
"53"	53	66142	"Monterey"	"Salinas City Elementary"	"KK-06"	9028	449.9200134	13.98849964	69.94249725	669	631.8499756	5470.5625	13.40511703	37.49446106	633	630.7000122	20.0657888760634	0.0741027913159061	0.0741027913159061	0
"54"	54	69120	"Santa Barbara"	"Santa Maria-Bonita Elementary"	"KK-08"	10625	521.4699707	7.497499943	77.52559662	896	631.9000244	5615.441895	12.30179977	50.39059067	629.5999756	634.2000122	20.3750946305449	0.0843294117647059	0.0843294117647059	0
"55"	55	65110	"Los Angeles"	"Whittier City Elementary"	"KK-08"	7151	318.5799866	18.54809952	61.73820114	560	631.9500122	5245.439941	15.40407085	31.07257843	634.2000122	629.7000122	22.4464822047299	0.0783107257726192	0.0783107257726192	0
"56"	56	64477	"Los Angeles"	"Eastside Union Elementary"	"KK-08"	2404	105	20.92740059	52.94350052	202	632	4838.175293	13.76200008	18.26123238	633.5	630.5	22.8952380952381	0.084026622296173	0.084026622296173	0
"57"	57	64691	"Los Angeles"	"Lawndale Elementary"	"KK-08"	5804	283.1499939	28.34250069	81.11650085	480	632.2000122	5367.988281	14.18400002	34.70020676	631.4000244	633	20.4979697158312	0.0827015851137147	0.0827015851137147	0
"58"	58	67421	"Sacramento"	"Robla Elementary"	"KK-06"	2253	112.6500015	43.49760056	84.55390167	196	632.25	5526.236816	8.864999771	33.28894806	637.5	627	19.9999997336884	0.0869951176209498	0.0869951176209498	0
"59"	59	66191	"Monterey"	"Santa Rita Union Elementary"	"KK-08"	2807	126.1200027	15.45950031	52.39640045	152	632.4499512	4353.019531	12.99699974	33.48770905	637.2999878	627.5999756	22.256580557463	0.0541503384396152	0.0541503384396152	0
"60"	60	72561	"Ventura"	"Rio Elementary"	"KK-08"	3074	142.5500031	11.28979969	66.19490051	249	632.8499756	5034.290039	11.59200001	38.15875244	633.2000122	632.5	21.5643629123148	0.0810019518542616	0.0810019518542616	0
"61"	61	72157	"Tulare"	"Strathmore Union Elementary"	"KK-08"	723	37.11999893	25.92110062	83.15789795	45	632.9500122	4692.493652	8.279000282	36.92946243	629.2000122	636.7000122	19.4773712510988	0.0622406639004149	0.0622406639004149	0
"62"	62	67397	"Sacramento"	"North Sacramento Elementary"	"KK-06"	5138	290.7749939	58.75220108	84.99900055	560	633.0499878	5606.781738	10.90564251	32.98949051	630.2999878	635.7999878	17.670020145429	0.108991825613079	0.108991825613079	0
"63"	63	66423	"Orange"	"Anaheim Elementary"	"KK-06"	20927	953.5	10.91139984	82.39260101	1048	633.1500244	4969.180664	13.40062523	58.21665573	629.5999756	636.7000122	21.9475616151023	0.0500788455105844	0.0500788455105844	0
"64"	64	63974	"Kings"	"Lemoore Union Elementary"	"KK-08"	3017	138.5	14.97679996	56.06359863	496	633.6500244	4675.674805	11.08100033	17.00364685	634.4000244	632.9000244	21.7833935018051	0.164401723566457	0.164401723566457	0
"65"	65	63875	"Kings"	"Armona Union Elementary"	"KK-08"	957	50	27.16819954	82.13169861	149	633.9000244	5306.132813	9.081999779	17.65935326	634.7000122	633.0999756	19.14	0.155694879832811	0.155694879832811	0
"66"	66	63339	"Kern"	"Beardsley Elementary"	"KK-08"	1639	90.5	46.88819885	80.60420227	287	634	5693.883301	13.39000034	7.321537495	638.4000244	629.5999756	18.1104972375691	0.175106772422209	0.175106772422209	0
"67"	67	65037	"Los Angeles"	"South Whittier Elementary"	"KK-08"	4340	209.8399963	17.70260048	93.92269897	284	634.0500488	5181.57959	14.60162544	31.19815636	631.9000244	636.2000122	20.6824250692193	0.0654377880184332	0.0654377880184332	0
"68"	68	63917	"Kings"	"Hanford Elementary"	"KK-08"	5079	224.5	25.55929947	63.80360031	585	634.0999756	5228.650879	11.11600018	16.61744499	637.7000122	630.5	22.6236080178174	0.115180153573538	0.115180153573538	0
"69"	69	68221	"San Diego"	"National Elementary"	"KK-06"	6639	304.730011	26.84140015	100	505	634.0999756	5339.391113	8.423000336	58.08103561	631.5	636.7000122	21.7864987377302	0.0760656725410453	0.0760656725410453	0
"70"	70	70904	"Sonoma"	"Roseland Elementary"	"KK-06"	1154	62.09999847	22.92770004	84.92060089	129	634.1500244	6056.49707	11.66499996	55.89254379	636.7999878	631.5	18.5829312146841	0.111785095320624	0.111785095320624	0
"71"	71	63420	"Kern"	"Di Giorgio Elementary"	"KK-08"	237	11	19.83119965	76.79319763	13	634.1999512	4845.680176	7.304999828	5.485232353	631.7999878	636.5999756	21.5454545454545	0.0548523206751055	0.0548523206751055	0
"72"	72	64642	"Los Angeles"	"Keppel Union Elementary"	"KK-08"	2987	141.2100067	21.25880051	68.39640045	273	634.4000244	4826.666016	13.7305994	14.4291935	637.7000122	631.0999756	21.1528918509711	0.0913960495480415	0.0913960495480415	0
"73"	73	63966	"Kings"	"Lakeside Union Elementary"	"KK-08"	499	30	40.36700058	83.11930084	94	634.5499878	5367.090332	11.11600018	22.84569168	635.5	633.5999756	16.6333333333333	0.188376753507014	0.188376753507014	0
"74"	74	65771	"Merced"	"Merced City Elementary"	"KK-08"	11474	542.6500244	40.55260086	77.0089035	1248	634.7000122	5742.73291	10.36442852	38.78333664	633.2000122	636.2000122	21.1443830905317	0.108767648596828	0.108767648596828	0
"75"	75	69203	"Santa Barbara"	"Guadalupe Union Elementary"	"KK-08"	1088	55	14.15439987	86.02940369	107	634.9000244	4136.250977	6.982999802	64.24632263	631.0999756	638.7000122	19.7818181818182	0.0983455882352941	0.0983455882352941	0
"76"	76	67694	"San Bernardino"	"Cucamonga Elementary"	"KK-08"	2660	140.1199951	15.76010036	74.85099792	259	634.9499512	5267.831055	14.46780014	25.22556496	637.7999878	632.0999756	18.9837288968047	0.0973684210526316	0.0973684210526316	0
"77"	77	61705	"Contra Costa"	"Knightsen Elementary"	"KK-08"	353	19.97999954	8.672100067	33.06230164	8	635.0499878	5238.39209	14.65299988	5.382436275	636.5999756	633.5	17.6676680744308	0.0226628895184136	0.0226628895184136	0
"78"	78	63008	"Humboldt"	"Rio Dell Elementary"	"KK-08"	329	18.53000069	28.91570091	85.54219818	37	635.1999512	5462.899414	10.62899971	6.079027653	644.2999878	626.0999756	17.7549912438778	0.112462006079027	0.112462006079027	0
"79"	79	70417	"Siskiyou"	"Montague Elementary"	"KK-08"	252	16.5	23.45680046	66.25509644	32	635.4500122	6313.373535	9.781000137	0	640.9000244	630	15.2727272727273	0.126984126984127	0.126984126984127	0
"80"	80	70409	"Siskiyou"	"McCloud Union Elementary"	"KK-08"	175	12.5	21.76469994	68.82350159	31	635.5999756	6653.030762	10.65600014	0	634.5999756	636.5999756	14	0.177142857142857	0.177142857142857	0
"81"	81	72587	"Ventura"	"Santa Paula Elementary"	"KK-08"	3835	186.1999969	13.99110031	72.8628006	897	635.5999756	5533.149414	11.93799973	34.88917923	633	638.2000122	20.5961335330183	0.233898305084746	0.233898305084746	0
"82"	82	62539	"Fresno"	"West Park Elementary"	"KK-08"	314	19.25	29.93630028	93.63059998	8	635.75	6118.710449	7.385000229	13.05732441	636.7000122	634.7999878	16.3116883116883	0.0254777070063694	0.0254777070063694	0
"83"	83	65631	"Merced"	"Atwater Elementary"	"KK-08"	4458	211	22.22220039	72.32080078	445	635.9500122	5098.626953	10.67599964	36.0251236	633.2000122	638.7000122	21.1279620853081	0.0998205473306415	0.0998205473306415	0
"84"	84	65862	"Merced"	"Weaver Union Elementary"	"KK-08"	1313	75.08000183	32.08679962	73.59760284	112	636.0999756	5652.878906	9.972000122	34.65346527	633.9000244	638.2999878	17.4880123601084	0.0853008377760853	0.0853008377760853	0
"85"	85	62356	"Fresno"	"Pacific Union Elementary"	"KK-08"	474	26.5	21.5189991	75.73840332	36	636.5	5329.002441	8.258000374	28.69198227	634.7000122	638.2999878	17.8867924528302	0.0759493670886076	0.0759493670886076	0
"86"	86	75051	"San Bernardino"	"Lucerne Valley Unified"	"KK-08"	1114	57.70000076	29.44680023	62.21279907	277	636.5999756	5929.809082	8.895999908	1.795332193	645.4000244	627.7999878	19.3067588444864	0.248653500897666	0.248653500897666	0
"87"	87	67231	"Riverside"	"Romoland Elementary"	"KK-06"	1358	65	14.79030037	80.86830139	178	636.6999512	4897.067871	12.06200027	30.63328552	632.2999878	641.0999756	20.8923076923077	0.131075110456554	0.131075110456554	0
"88"	88	64501	"Los Angeles"	"El Monte City Elementary"	"KK-08"	11629	546.2999878	25.37940025	83.873703	1015	636.9000244	5100.202148	9.428894997	59.0334549	632.4000244	641.4000244	21.2868392086755	0.0872817955112219	0.0872817955112219	0
"89"	89	63503	"Kern"	"Greenfield Union Elementary"	"KK-08"	6195	306.75	21.04330063	68.57189941	1261	636.9500122	4825.722656	8.920332909	13.55932236	636.2000122	637.7000122	20.1955990220049	0.203551251008878	0.203551251008878	0
"90"	90	72033	"Tulare"	"Palo Verde Union Elementary"	"KK-08"	499	20	23.69939995	80.92489624	35	637	4079.12915	10.09799957	5.010019779	636.0999756	637.9000244	24.95	0.0701402805611222	0.0701402805611222	0
"91"	91	67322	"Sacramento"	"Elverta Joint Elementary"	"KK-08"	417	23	19.90410042	46.04320145	27	637.0999756	5349.367676	11.82999992	0.959232628	638	636.2000122	18.1304347826087	0.0647482014388489	0.0647482014388489	0
"92"	92	64048	"Lake"	"Lucerne Elementary"	"KK-08"	300	15	48.3443985	72.18540192	55	637.3499756	5869.38916	11.55300045	0.666666687	640.9000244	633.7999878	20	0.183333333333333	0.183333333333333	0
"93"	93	69542	"Santa Clara"	"Luther Burbank Elementary"	"KK-08"	457	24.39999962	16.81609917	67.71299744	50	637.6500244	6462.12793	19.70700073	38.51203537	644.9000244	630.4000244	18.7295084884104	0.109409190371991	0.109409190371991	0
"94"	94	61382	"Butte"	"Bangor Union Elementary"	"KK-08"	146	8	25.34250069	54.10960007	34	637.9499512	6231.601563	7.105000019	0	646.0999756	629.7999878	18.25	0.232876712328767	0.232876712328767	0
"95"	95	68858	"San Mateo"	"Bayshore Elementary"	"KK-08"	460	24.21999931	10.59319973	66.94920349	71	637.9500122	4993.867676	13.72500038	17.17391396	633.2000122	642.7000122	18.9925686665926	0.154347826086957	0.154347826086957	0
"96"	96	72017	"Tulare"	"Oak Valley Union Elementary"	"KK-08"	354	17.79999924	10.27779961	59.72219849	28	638	4663.811035	10.09799957	9.887005806	636.7000122	639.2999878	19.8876412985734	0.0790960451977401	0.0790960451977401	0
"97"	97	65151	"Los Angeles"	"Wilsona Elementary"	"KK-08"	1841	95	25.25799942	64.74739838	315	638.2000122	6107.106445	13.76200008	19.39163589	640.4000244	636	19.3789473684211	0.171102661596958	0.171102661596958	0
"98"	98	63073	"Imperial"	"Brawley Elementary"	"KK-08"	3760	183.75	26.90159988	65.7960968	717	638.3000488	5324.228027	9.664999962	36.48936081	636.2000122	640.4000244	20.4625850340136	0.190691489361702	0.190691489361702	0
"99"	99	63198	"Imperial"	"Meadows Union Elementary"	"KK-08"	500	22.43000031	18.79999924	83	70	638.3000488	5221.460938	10.26399994	39.39999771	630.4000244	646.2000122	22.2915734770224	0.14	0.14	0
"100"	100	64717	"Los Angeles"	"Little Lake City Elementary"	"KK-08"	5112	246.8999939	10.69120026	59.7234993	383	638.3499756	5157.784668	11.56920052	28.67762184	638.5999756	638.0999756	20.7047392721706	0.0749217527386541	0.0749217527386541	0
"101"	101	63719	"Kern"	"Pond Union Elementary"	"KK-08"	146	7.659999847	13.69859982	66.43840027	28	638.5499878	5131.119141	7.40500021	13.69863033	637.5	639.5999756	19.0600526000245	0.191780821917808	0.191780821917808	0
"102"	102	63800	"Kern"	"Taft City Elementary"	"KK-08"	2141	105.8199997	26.49650002	65.38279724	134	638.7000122	5279.354004	12.07699966	11.34983635	636.9000244	640.5	20.2324702898293	0.0625875758991126	0.0625875758991126	0
"103"	103	71357	"Sutter"	"Brittan Elementary"	"KK-08"	610	30.97999954	8.524600029	56.06560135	144	639.25	4704.043945	11.28299999	3.442623138	640.2999878	638.2000122	19.6901229521451	0.236065573770492	0.236065573770492	0
"104"	104	65557	"Mendocino"	"Arena Union Elementary"	"KK-08"	337	16.54999924	21.26250076	60.13290024	26	639.3000488	6089.910645	10.03499985	15.43026733	642.7000122	635.9000244	20.3625386994278	0.0771513353115727	0.0771513353115727	0
"105"	105	67587	"San Bernardino"	"Adelanto Elementary"	"KK-08"	4501	227.8500061	19.12969971	63.9054985	597	639.3499756	5356.833496	8.383999825	17.97378349	639.9000244	638.7999878	19.7542237414932	0.13263719173517	0.13263719173517	0
"106"	106	67470	"San Benito"	"Hollister School District"	"KK-08"	5718	295.0499878	6.84070015	37.04560089	313	639.5	5144.549316	13.63000011	22.71773338	641.4000244	637.5999756	19.3797669426645	0.0547394193774047	0.0547394193774047	0
"107"	107	64857	"Los Angeles"	"Palmdale Elementary"	"KK-08"	19402	846.3800049	20.52370071	51.24209976	1182	639.75	4906.22998	14.12766743	18.43624496	641.7000122	637.7999878	22.9235094020119	0.0609215544789197	0.0609215544789197	0
"108"	108	61507	"Butte"	"Oroville City Elementary"	"KK-08"	3401	175.5500031	52.21989822	74.27230072	560	639.7999878	5489.588867	11.26612473	16.17171478	641.5	638.0999756	19.3733975502277	0.164657453690091	0.164657453690091	0
"109"	109	63792	"Kern"	"Standard Elementary"	"KK-08"	2621	136.8300018	25.82979965	64.09770203	397	639.8499756	5718.55127	13.39000034	2.02212882	641.4000244	638.2999878	19.1551557810474	0.151468904998092	0.151468904998092	0
"110"	110	72447	"Ventura"	"Briggs Elementary"	"KK-08"	426	20	3.990600109	64.78869629	87	639.9000244	4436.152832	11.93799973	9.62441349	634.2999878	645.5	21.3	0.204225352112676	0.204225352112676	0
"111"	111	62323	"Fresno"	"Monroe Elementary"	"KK-08"	205	11.19999981	18.53660011	80.9756012	24	640.0999756	4895.439453	8.258000374	41.46341324	643.5	636.7000122	18.3035717390784	0.117073170731707	0.117073170731707	0
"112"	112	64667	"Los Angeles"	"Lancaster Elementary"	"KK-08"	13668	648.4099731	28.1753006	56.29940033	1321	640.1500244	5159.21875	14.22672749	9.8990345	640.4000244	639.9000244	21.0792562838821	0.0966491074041557	0.0966491074041557	0
"113"	113	65177	"Madera"	"Alview-Dairyland Union Elementary"	"KK-08"	342	18.20000076	11.39599991	68.09120178	98	640.5	5490.654785	10.47200012	16.08187103	637.7000122	643.2999878	18.791208006521	0.286549707602339	0.286549707602339	0
"114"	114	66589	"Orange"	"Magnolia Elementary"	"KK-06"	6518	332.1000061	12.27910042	71.02380371	499	640.75	5172.019531	14.24290085	43.4949379	638.5	643	19.6266181279061	0.0765572261429886	0.0765572261429886	0
"115"	115	71985	"Tulare"	"Liberty Elementary"	"KK-08"	239	12.19999981	15.61180019	69.62030029	30	640.9000244	4441.672852	14.06599998	8.786610603	644.9000244	636.9000244	19.590164239519	0.125523012552301	0.125523012552301	0
"116"	116	69617	"Santa Clara"	"Mt. Pleasant Elementary"	"KK-08"	2911	139.4700012	11.92850018	52.9734993	281	641.0999756	5220.370117	15.96800041	39.02438736	640.4000244	641.7999878	20.8718719076056	0.0965304019237375	0.0965304019237375	0
"117"	117	63123	"Imperial"	"El Centro Elementary"	"KK-08"	6272	297.0400085	28.71999931	71.76239777	1338	641.4499512	5252.810547	10.26399994	53.89030457	639.2999878	643.5999756	21.1150007424	0.213329081632653	0.213329081632653	0
"118"	118	68395	"San Diego"	"South Bay Union Elementary"	"KK-06"	10218	508.75	17.42020035	70.80639648	1435	641.4499512	5518.702148	10.6024704	41.13329315	638.5999756	644.2999878	20.0845208845209	0.14043844196516	0.14043844196516	0
"119"	119	69914	"Shasta"	"Cascade Union Elementary"	"KK-08"	1735	87.13999939	47.2621994	75.50430298	222	641.5499878	5609.487793	10.52299976	1.383285284	640.7999878	642.2999878	19.9104890078655	0.127953890489914	0.127953890489914	0
"120"	120	71969	"Tulare"	"Kings River Union Elementary"	"KK-08"	474	26.61000061	20.67510033	82.06749725	96	641.8000488	4945.031738	11.23799992	35.44303894	638.9000244	644.7000122	17.8128519028245	0.20253164556962	0.20253164556962	0
"121"	121	71548	"Tehama"	"Gerber Union Elementary"	"KK-08"	544	30	20.55050087	74.86239624	145	642.1999512	5223.025391	10.05599976	8.639705658	641.7999878	642.5999756	18.1333333333333	0.266544117647059	0.266544117647059	0
"122"	122	71910	"Tulare"	"Exeter Union Elementary"	"KK-08"	1987	103.3700027	15.28120041	54.65409851	283	642.2000122	4757.025391	11.18299961	15.34977436	637	647.4000244	19.2222109712686	0.142425767488676	0.142425767488676	0
"123"	123	62000	"Fresno"	"American Union Elementary"	"KK-08"	418	22.39999962	10.69649982	63.43280029	50	642.4000244	5522.161621	7.385000229	19.85645866	640.2000122	644.5999756	18.66071460228	0.119617224880383	0.119617224880383	0
"124"	124	66167	"Monterey"	"San Antonio Union Elementary"	"KK-08"	196	10	19.68910027	47.15029907	40	642.75	6087.608887	13.57900047	3.061224461	652.5999756	632.9000244	19.6	0.204081632653061	0.204081632653061	0
"125"	125	71837	"Tulare"	"Burton Elementary"	"KK-08"	2208	114.5	14.41399956	53.21060181	92	643.0499878	4960.515625	9.630000114	9.873188019	642	644.0999756	19.2838427947598	0.0416666666666667	0.0416666666666667	0
"126"	126	67157	"Riverside"	"Nuview Union Elementary"	"KK-08"	1255	55	11.32219982	44.25970078	165	643.1999512	4880.040527	15.27400017	16.09561729	642.5999756	643.7999878	22.8181818181818	0.131474103585657	0.131474103585657	0
"127"	127	70615	"Sonoma"	"Bellevue Union Elementary"	"KK-06"	1469	78.09999847	20.96660042	80.25869751	65	643.25	6538.417969	14.03425026	43.49897766	639.4000244	647.0999756	18.8092193185417	0.0442477876106195	0.0442477876106195	0
"128"	128	64550	"Los Angeles"	"Garvey Elementary"	"KK-08"	7114	332.8399963	34.59420013	82.57219696	680	643.4000244	4925.659668	10.23966694	45.03795242	638.9000244	647.9000244	21.3736332144046	0.0955861681192016	0.0955861681192016	0
"129"	129	71498	"Tehama"	"Corning Union Elementary"	"KK-08"	1962	98	24.4151001	67.75180054	170	643.4000244	5204.6875	9.484999657	18.19571877	641.7000122	645.0999756	20.0204081632653	0.0866462793068298	0.0866462793068298	0
"130"	130	68916	"San Mateo"	"Jefferson Elementary"	"KK-08"	7761	361	6.49119997	44.47660065	658	643.5	4907.410645	15.0298748	15.48769474	644.2000122	642.7999878	21.4986149584488	0.0847828888029893	0.0847828888029893	0
"131"	131	70185	"Siskiyou"	"Big Springs Union Elementary"	"KK-08"	216	14	9.416999817	48.87889862	47	643.5	5923.45166	9.781000137	0.92592591	652.7000122	634.2999878	15.4285714285714	0.217592592592593	0.217592592592593	0
"132"	132	63487	"Kern"	"General Shafter Elementary"	"KK-08"	224	10	7.14289999	58.03570175	31	643.6999512	4741.957031	13.19200039	7.589285851	633.5999756	653.7999878	22.4	0.138392857142857	0.138392857142857	0
"133"	133	71308	"Stanislaus"	"Turlock Joint Elementary"	"KK-08"	7887	391.8599854	16.40239906	57.07220078	1004	643.7000122	4954.019531	12.2159996	29.08583832	645.7000122	641.7000122	20.1270869541557	0.127298085457081	0.127298085457081	0
"134"	134	72421	"Tuolumne"	"Twain Harte-Long Barn Union Elementary"	"KK-08"	752	39.5	11.71049976	34.07889938	0	644.1999512	5500.10791	14.07600021	0.132978722	652.2999878	636.0999756	19.0379746835443	0	0	0
"135"	135	69005	"San Mateo"	"Redwood City Elementary"	"KK-08"	9328	537.8800049	7.487500191	39.03680038	1719	644.2000122	5360.51709	25.4873333	50.85763168	644.5	643.9000244	17.3421579441947	0.184283876500858	0.184283876500858	0
"136"	136	61846	"El Dorado"	"Camino Union Elementary"	"KK-08"	548	32.20000076	7.664199829	31.38689995	35	644.4000244	5685.63916	14.86699963	11.49635029	652.0999756	636.7000122	17.0186331386906	0.0638686131386861	0.0638686131386861	0
"137"	137	65813	"Merced"	"Plainsburg Union Elementary"	"KK-08"	104	5	32.38100052	49.5237999	19	644.4500122	5594.196289	9.972000122	13.46153927	649.5	639.4000244	20.8	0.182692307692308	0.182692307692308	0
"138"	138	68486	"San Joaquin"	"Banta Elementary"	"KK-08"	275	13	12.72729969	45.81819916	4	644.4500122	4692.566895	14.57800007	4.727272511	643.2000122	645.7000122	21.1538461538462	0.0145454545454545	0.0145454545454545	0
"139"	139	62513	"Fresno"	"Washington Colony Elementary"	"KK-08"	443	24	14.22119999	69.97740173	52	644.5	5085.40625	7.385000229	21.44469452	644.2999878	644.7000122	18.4583333333333	0.117381489841986	0.117381489841986	0
"140"	140	67405	"Sacramento"	"Rio Linda Union Elementary"	"KK-06"	10337	540.0499878	37.22689819	58.54539871	1268	644.5499878	5456.197266	12.34300041	12.35368061	646	643.0999756	19.1408207268179	0.122666150720712	0.122666150720712	0
"141"	141	71050	"Stanislaus"	"Chatom Union Elementary"	"KK-08"	806	41.52999878	7.178800106	56.67509842	36	644.6999512	5105.179688	12.43133259	30.14888382	645.2999878	644.0999756	19.4076576854645	0.0446650124069479	0.0446650124069479	0
"142"	142	73726	"Merced"	"Merced River Union Elementary"	"KK-08"	227	11.60000038	18.06170082	59.03079987	25	644.9500122	5519.677246	14.90600014	15.85902977	649.7000122	640.2000122	19.5689648761891	0.110132158590308	0.110132158590308	0
"143"	143	72462	"Ventura"	"Hueneme Elementary"	"KK-08"	8416	391.4200134	12.39900017	71.91210175	1333	645.0999756	5065.911133	12.66989994	43.75	642.9000244	647.2999878	21.5012000201418	0.158388783269962	0.158388783269962	0
"144"	144	62737	"Humboldt"	"Cuddeback Union Elementary"	"KK-08"	149	8.5	19.46310043	59.0603981	30	645.25	5182.428223	10.33300018	0	656.7999878	633.7000122	17.5294117647059	0.201342281879195	0.201342281879195	0
"145"	145	62703	"Humboldt"	"Blue Lake Union Elementary"	"KK-08"	220	13.39000034	19.1303997	52.1739006	48	645.5499878	5960.464355	11.97200012	0	658	633.0999756	16.4301713527813	0.218181818181818	0.218181818181818	0
"146"	146	68205	"San Diego"	"Lemon Grove Elementary"	"KK-08"	4612	232.9700012	17.47610092	65.91500092	601	645.5500488	5124.836426	12.82699966	16.65221214	647.7000122	643.4000244	19.7965402251112	0.13031222896791	0.13031222896791	0
"147"	147	64063	"Lake"	"Upper Lake Union Elementary"	"KK-08"	590	34.33000183	37.4367981	70.65769958	71	645.5999756	5655.133301	10.03999996	3.22033906	644.7999878	646.4000244	17.1861336600459	0.120338983050847	0.120338983050847	0
"148"	148	62984	"Humboldt"	"Peninsula Union Elementary"	"KK-08"	133	7.550000191	25	72.14289856	25	645.75	5811.689941	13.33500004	0	644.2999878	647.2000122	17.615893594088	0.18796992481203	0.18796992481203	0
"149"	149	72512	"Ventura"	"Ocean View Elementary"	"KK-08"	2440	121.2399979	7.275899887	47.0298996	116	645.75	5467.673828	9.854000092	48.52458954	645.5	646	20.125371513224	0.0475409836065574	0.0475409836065574	0
"150"	150	71647	"Tehama"	"Reeds Creek Elementary"	"KK-08"	133	6	11.19400024	35.82089996	0	646	5213.089355	11.42599964	0.751879692	652.5	639.5	22.1666666666667	0	0	0
"151"	151	67280	"Sacramento"	"Arcohe Union Elementary"	"KK-08"	519	26	16.76300049	37.95759964	65	646.2000122	4613.1875	15.13099957	1.92678237	650.9000244	641.5	19.9615384615385	0.1252408477842	0.1252408477842	0
"152"	152	68627	"San Joaquin"	"New Jerusalem Elementary"	"KK-08"	222	11.65999985	7.589300156	40.625	30	646.3499756	4886.983887	14.57800007	13.51351261	643	649.7000122	19.0394513598557	0.135135135135135	0.135135135135135	0
"153"	153	70243	"Siskiyou"	"Dunsmuir Elementary"	"KK-08"	285	18.71999931	26.64229965	76.27739716	36	646.4000244	6455.136719	10.26799965	0	641.5999756	651.2000122	15.2243595355133	0.126315789473684	0.126315789473684	0
"154"	154	71282	"Stanislaus"	"Stanislaus Union Elementary"	"KK-08"	3129	147.9799957	26.16760063	55.7901001	471	646.5	5125.433105	15.59285736	16.71460533	647.7999878	645.2000122	21.1447499048684	0.150527325023969	0.150527325023969	0
"155"	155	62240	"Fresno"	"Kingsburg Joint Union Elementary"	"KK-08"	2019	102.7799988	10.25259972	40.5646019	167	646.5499878	5193.692383	11.23799992	5.943536282	649.0999756	644	19.643899820711	0.0827142149578999	0.0827142149578999	0
"156"	156	66456	"Orange"	"Buena Park Elementary"	"KK-08"	5620	267	10.30949974	55.09389877	316	646.7000122	5002.838867	15.05137539	36.17437744	644	649.4000244	21.0486891385768	0.0562277580071174	0.0562277580071174	0
"157"	157	66746	"Orange"	"Westminster Elementary"	"KK-08"	9775	484.5	13.04300022	62.50389862	1218	646.9000244	5337.625488	15.41317654	44.97186661	645.5999756	648.2000122	20.1754385964912	0.12460358056266	0.12460358056266	0
"158"	158	63933	"Kings"	"Island Union Elementary"	"KK-08"	246	11.5	9.756099701	43.90240097	38	646.9499512	5161.202148	11.08100033	16.66666794	647.7999878	646.0999756	21.3913043478261	0.154471544715447	0.154471544715447	0
"159"	159	72231	"Tulare"	"Tulare City Elementary"	"KK-08"	7210	360.3500061	26.62680054	68.85790253	800	647.0499878	5158.791992	10.09799957	15.18723965	642.5	651.5999756	20.00832490065	0.110957004160888	0.110957004160888	0
"160"	160	68023	"San Diego"	"Chula Vista Elementary"	"KK-06"	21338	1051.579956	13.22719955	45.99499893	2889	647.25	5123.474121	14.29829979	34.33779907	645	649.5	20.2913719287362	0.135392257943575	0.135392257943575	0
"161"	161	69880	"Shasta"	"Black Butte Union Elementary"	"KK-08"	477	27	25.36689949	59.53879929	27	647.2999878	5782.543945	11.80300045	0	650.7999878	643.7999878	17.6666666666667	0.0566037735849057	0.0566037735849057	0
"162"	162	65763	"Merced"	"McSwain Union Elementary"	"KK-08"	727	39.90000153	10.17879963	32.18709946	50	647.5999756	4842.60791	9.972000122	13.06739998	649.4000244	645.7999878	18.2205506797633	0.0687757909215956	0.0687757909215956	0
"163"	163	71381	"Sutter"	"Franklin Elementary"	"KK-08"	374	18.45000076	6.684500217	7.486599922	46	647.5999756	4219.40625	15.4090004	4.278074741	651.5999756	643.5999756	20.2710018750156	0.122994652406417	0.122994652406417	0
"164"	164	68098	"San Diego"	"Escondido Union Elementary"	"KK-08"	18255	903.7600098	11.22169971	58.53310013	2001	648	5081.169922	15.2937994	39.5946312	645	651	20.1989464039682	0.109613804437141	0.109613804437141	0
"165"	165	64485	"Los Angeles"	"East Whittier City Elementary"	"KK-08"	8787	410.9100037	10.02270031	32.48300171	1058	648.2000122	5144.993652	15.53292847	21.66837311	648	648.4000244	21.3842445325699	0.120405143962672	0.120405143962672	0
"166"	166	73544	"Kern"	"Rio Bravo-Greeley Union Elementary"	"KK-08"	797	38	7.026299953	35.75910187	60	648.25	4674.298828	16.29299927	3.262233257	648.7999878	647.7000122	20.9736842105263	0.0752823086574655	0.0752823086574655	0
"167"	167	71407	"Sutter"	"Marcum-Illinois Union Elementary"	"KK-08"	140	7	3.571399927	39.28570175	40	648.3499756	4830.326172	12.875	7.857142925	651.5999756	645.0999756	20	0.285714285714286	0.285714285714286	0
"168"	168	68437	"San Diego"	"Vallecitos Elementary"	"KK-08"	235	13.69999981	6.808499813	67.23400116	51	648.7000122	5621.687988	16.62299919	39.57446671	643.4000244	654	17.1532849094251	0.217021276595745	0.217021276595745	0
"169"	169	67918	"San Bernardino"	"Victor Elementary"	"KK-06"	8294	371.1000061	23.19750023	51.56740189	1295	648.9499512	4948.868164	12.54988289	10.12780285	645.0999756	652.7999878	22.3497705838491	0.156136966481794	0.156136966481794	0
"170"	170	66696	"Orange"	"Savanna Elementary"	"KK-06"	2409	108.6600037	8.151499748	52.12020111	354	649.1500244	5100.975586	14.25857162	27.52179146	646	652.2999878	22.1700710286282	0.146948941469489	0.146948941469489	0
"171"	171	71001	"Sonoma"	"West Side Union Elementary"	"KK-06"	150	8.25	3.225800037	23.22579956	16	649.3000488	5132.788574	18.32600021	14	655.2000122	643.4000244	18.1818181818182	0.106666666666667	0.106666666666667	0
"172"	172	69971	"Shasta"	"Enterprise Elementary"	"KK-08"	3981	210	41.77339935	51.77090073	606	649.5	5358.51709	12.74914265	8.842000008	649.7999878	649.2000122	18.9571428571429	0.152223059532781	0.152223059532781	0
"173"	173	71621	"Tehama"	"Red Bluff Union Elementary"	"KK-08"	2326	117.8000031	17.97509956	52.25230026	345	649.6999512	5149.186523	11.42599964	6.405846596	651.2999878	648.0999756	19.7453305499955	0.148323301805675	0.148323301805675	0
"174"	174	72363	"Tuolumne"	"Jamestown Elementary"	"KK-08"	501	30.5	20.63489914	54.76190186	163	649.8499756	5373.206543	8.829999924	2.395209789	652.5999756	647.0999756	16.4262295081967	0.325349301397206	0.325349301397206	0
"175"	175	70482	"Siskiyou"	"Weed Union Elementary"	"KK-08"	470	28.27000046	31.33049965	89.69960022	48	650.4499512	6485.166016	11.17599964	5.957447052	655.0999756	645.7999878	16.6253976778322	0.102127659574468	0.102127659574468	1
"176"	176	63032	"Humboldt"	"South Bay Union Elementary"	"KK-06"	575	35.09999847	26.43479919	59.13040161	59	650.5499878	5504.025391	14.22799969	8.173913002	654.5999756	646.5	16.3817670958434	0.102608695652174	0.102608695652174	1
"177"	177	61655	"Contra Costa"	"Brentwood Union Elementary"	"KK-08"	3519	175.3000031	5.54129982	29.78120041	789	650.5999756	5105.734375	15.02700043	15.45893669	655.4000244	645.7999878	20.0741582302916	0.224211423699915	0.224211423699915	1
"178"	178	72405	"Tuolumne"	"Summerville Elementary"	"KK-08"	474	26.34000015	21.9958992	54.9897995	61	650.6500244	5634.730957	10.52099991	0	653.5999756	647.7000122	17.9954440888642	0.128691983122363	0.128691983122363	1
"179"	179	66860	"Placer"	"Ophir Elementary"	"KK-08"	223	11.5	1.754400015	17.54389954	60	650.9000244	4980.294434	18.62599945	0	651.7999878	650	19.3913043478261	0.269058295964126	0.269058295964126	1
"180"	180	70821	"Sonoma"	"Montgomery Elementary"	"KK-08"	92	5.599999905	13.54170036	0	22	650.9000244	6113.859863	22.52899933	0	656.0999756	645.7000122	16.4285717072704	0.239130434782609	0.239130434782609	1
"181"	181	70912	"Sonoma"	"Santa Rosa Elementary"	"KK-06"	4971	297.1400146	14.70940018	55.10079956	500	651.1500244	5850	18.29838943	31.82458305	653.2999878	649	16.7294869615316	0.100583383625025	0.100583383625025	1
"182"	182	71266	"Stanislaus"	"Salida Union Elementary"	"KK-08"	2617	107.1949997	8.368200302	32.36970139	226	651.2000122	4547.944824	11.88574982	12.80091667	651.7000122	650.7000122	24.4134521882927	0.0863584256782575	0.0863584256782575	1
"183"	183	70128	"Shasta"	"Shasta Union Elementary"	"KK-08"	242	13.25	28.0991993	51.6529007	32	651.3499756	5011.840332	9.925999641	0	654.4000244	648.2999878	18.2641509433962	0.132231404958678	0.132231404958678	1
"184"	184	62802	"Humboldt"	"Fortuna Union Elementary"	"KK-08"	780	41.15000153	16.5394001	50.76340103	75	651.4000244	5261.370605	14.19699955	3.846153975	662	640.7999878	18.9550418225707	0.0961538461538462	0.0961538461538462	1
"185"	185	72090	"Tulare"	"Rockford  Elementary"	"KK-08"	324	15.39999962	13.0031004	58.20429993	50	651.4500122	4276.115234	9.630000114	2.469135761	647	655.9000244	21.0389615581042	0.154320987654321	0.154320987654321	1
"186"	186	62638	"Glenn"	"Plaza Elementary"	"KK-08"	140	6.75	7.85710001	45.71429825	25	651.8000488	4566.27002	10.63899994	10.71428585	654.2000122	649.4000244	20.7407407407407	0.178571428571429	0.178571428571429	1
"187"	187	70813	"Sonoma"	"Monte Rio Union Elementary"	"KK-08"	181	10	25.4144001	66.85079956	26	651.8499756	6049.495117	14.47500038	0	651.9000244	651.7999878	18.1	0.143646408839779	0.143646408839779	1
"188"	188	64105	"Lassen"	"Janesville Union Elementary"	"KK-08"	516	26	9.259300232	24.81480026	65	651.9000244	4974.28125	13.46700001	1.937984467	656.2999878	647.5	19.8461538461538	0.125968992248062	0.125968992248062	1
"189"	189	63172	"Imperial"	"Magnolia Union Elementary"	"KK-08"	108	5	3.669699907	32.11009979	25	652	4432.478027	9.664999962	4.629629612	648.2000122	655.7999878	21.6	0.231481481481481	0.231481481481481	1
"190"	190	64188	"Lassen"	"Shaffer Union Elementary"	"KK-08"	419	18.67000008	13.95349979	50	58	652.0999756	4924.619141	12.70800018	5.250596523	656.4000244	647.7999878	22.442420900086	0.138424821002387	0.138424821002387	1
"191"	191	66506	"Orange"	"Fullerton Elementary"	"KK-08"	12567	546.0499878	7.623099804	40.3995018	1099	652.0999756	4603.659668	17.82299995	27.54038239	651.5999756	652.5999756	23.0143764870898	0.0874512612397549	0.0874512612397549	1
"192"	192	70649	"Sonoma"	"Cinnabar Elementary"	"KK-06"	287	16.17000008	3.793100119	31.03450012	65	652.2999878	5973.925293	17.15600014	14.98257828	655.0999756	649.5	17.7489176611062	0.226480836236934	0.226480836236934	1
"193"	193	69278	"Santa Barbara"	"Santa Barbara Elementary"	"KK-08"	6201	339.1000061	7.179599762	47.70249939	634	652.3000488	5215.943848	19.58963585	47.87937546	650.9000244	653.7000122	18.2866407798628	0.102241573939687	0.102241573939687	1
"194"	194	63016	"Humboldt"	"Rohnerville Elementary"	"KK-08"	577	29.95000076	20.33609962	46.05039978	134	652.3499756	4882.236816	14.19699955	0	657.2000122	647.5	19.265441915134	0.232235701906412	0.232235701906412	1
"195"	195	71431	"Sutter"	"Pleasant Grove Joint Union Elementary"	"KK-08"	170	7.5	10.58819962	32.35290146	41	652.4000244	4145.835938	11.9119997	1.764706016	660.2999878	644.5	22.6666666666667	0.241176470588235	0.241176470588235	1
"196"	196	73700	"Shasta"	"Mountain Union Elementary"	"KK-08"	164	8.5	33.53659821	65.85369873	36	652.4000244	7542.038086	13.38599968	0	655.2000122	649.5999756	19.2941176470588	0.219512195121951	0.219512195121951	1
"197"	197	63784	"Kern"	"South Fork Union Elementary"	"KK-08"	382	22	29.23830032	59.21379852	75	652.5	5247.018066	11.5539999	0	653.0999756	651.9000244	17.3636363636364	0.196335078534031	0.196335078534031	1
"198"	198	68155	"San Diego"	"Jamul-Dulzura Union Elementary"	"KK-08"	1221	61.59999847	4.34070015	25.3071003	250	652.8499756	5169.814941	19.02599907	7.289107323	656.7999878	648.9000244	19.8214290637465	0.204750204750205	0.204750204750205	1
"199"	199	69765	"Santa Cruz"	"Live Oak Elementary"	"KK-08"	2214	108.3499985	12.8725996	36.44990158	213	653.0999756	5951.005859	16.40699959	17.02800369	656.0999756	650.0999756	20.4337797014367	0.0962059620596206	0.0962059620596206	1
"200"	200	67116	"Riverside"	"Menifee Union Elementary"	"KK-08"	4523	215	5.751900196	29.19869995	409	653.4000244	4746.572266	14.05799961	10.43555164	653.7000122	653.0999756	21.0372093023256	0.0904267079372098	0.0904267079372098	1
"201"	201	63552	"Kern"	"Lakeside Union Elementary"	"KK-08"	793	39.79999924	4.413599968	30.76919937	49	653.5	4944.092285	19.06800079	2.269861221	652.4000244	654.5999756	19.9246234960481	0.0617906683480454	0.0617906683480454	1
"202"	202	69724	"Santa Clara"	"Whisman Elementary"	"KK-08"	1678	88.26999664	5.482699871	38.20019913	254	653.5499878	6306.487305	20.77000046	28.24791336	655.5999756	651.5	19.0098568468689	0.151370679380215	0.151370679380215	1
"203"	203	63180	"Imperial"	"McCabe Union Elementary"	"KK-08"	536	22.5	5.597000122	28.17160034	35	653.5500488	4260.306641	10.26399994	8.768656731	653.4000244	653.7000122	23.8222222222222	0.0652985074626866	0.0652985074626866	1
"204"	204	68551	"San Joaquin"	"Lammersville Elementary"	"KK-08"	307	15.85000038	5.537499905	28.66449928	36	653.6999512	4718.163086	14.57800007	7.491856575	654.0999756	653.2999878	19.3690847091324	0.117263843648208	0.117263843648208	1
"205"	205	71563	"Tehama"	"Lassen View Union Elementary"	"KK-08"	347	17.5	18.44379997	53.60229874	56	653.7999878	4751.299805	10.20199966	9.798271179	655.5	652.0999756	19.8285714285714	0.161383285302594	0.161383285302594	1
"206"	206	62927	"Humboldt"	"Loleta Union Elementary"	"KK-08"	168	11.01000023	29.16670036	63.69049835	30	653.8499756	5653.453613	12.50199986	12.5	655.9000244	651.7999878	15.2588552670721	0.178571428571429	0.178571428571429	1
"207"	207	70045	"Shasta"	"Junction Elementary"	"KK-08"	532	31	10.50660038	29.64349937	81	653.9499512	5920.253418	13.90600014	0	656.5999756	651.2999878	17.1612903225806	0.152255639097744	0.152255639097744	1
"208"	208	64931	"Los Angeles"	"Rosemead Elementary"	"KK-08"	3272	150	24.02199936	76.77259827	374	654.0999756	4825.59082	9.986000061	31.20415497	651.4000244	656.7999878	21.8133333333333	0.114303178484108	0.114303178484108	1
"209"	209	66332	"Nevada"	"Grass Valley Elementary"	"KK-08"	2045	107.2099991	12.12709999	40.92910004	268	654.1999512	5532.582031	13.71199989	1.369193196	657.7999878	650.5999756	19.0747133398679	0.131051344743276	0.131051344743276	1
"210"	210	71829	"Tulare"	"Buena Vista Elementary"	"KK-08"	156	6.050000191	10.42940044	47.85279846	7	654.1999512	3926.06958	10.09799957	9.615385056	659.7999878	648.5999756	25.7851231528994	0.0448717948717949	0.0448717948717949	1
"211"	211	63545	"Kern"	"Kernville Union Elementary"	"KK-08"	1129	61.99000168	34.1894989	62.26750183	164	654.2999878	5805.636719	11.29100037	0	655.0999756	653.5	18.2126144443105	0.145261293179805	0.145261293179805	1
"212"	212	67348	"Sacramento"	"Galt Joint Union Elementary"	"KK-08"	3669	201.9700012	11.35890007	41.05459976	500	654.5999756	4899.239746	13.22500038	24.25728989	652.7000122	656.5	18.1660641590371	0.136276914690651	0.136276914690651	1
"213"	213	67553	"San Benito"	"Southside Elementary"	"KK-08"	157	9.25	1.898699999	10.12660027	19	654.8499756	4884.862305	13.63000011	9.554140091	654.2000122	655.5	16.972972972973	0.121019108280255	0.121019108280255	1
"214"	214	68189	"San Diego"	"Lakeside Union Elementary"	"KK-08"	4928	229.1999969	8.541999817	25.88850021	618	654.8499756	5139.9375	14.62300014	5.92532444	653.5	656.2000122	21.5008728911549	0.125405844155844	0.125405844155844	1
"215"	215	71423	"Sutter"	"Nuestro Elementary"	"KK-08"	103	5	5.825200081	23.3010006	13	654.9000244	5249.364746	8.776000023	0.970873773	662.2000122	647.5999756	20.6	0.12621359223301	0.12621359223301	1
"216"	216	61994	"Fresno"	"Alvina Elementary"	"KK-08"	175	10.30000019	14.85709953	70.28569794	17	655.0499878	5399.070313	10.3380003	18.2857132	650	660.0999756	16.9902909487228	0.0971428571428571	0.0971428571428571	1
"217"	217	61762	"Contra Costa"	"Oakley Union Elementary"	"KK-08"	4153	199.8600006	7.526899815	23.4409008	241	655.0500488	4965.290039	16.32299995	4.984348774	657.4000244	652.7000122	20.7795456195951	0.0580303395136046	0.0580303395136046	1
"218"	218	70268	"Siskiyou"	"Etna Union Elementary"	"KK-06"	280	18.04999924	8.695699692	56.52170181	67	655.0500488	6210.323242	10.65633297	4.285714626	660.4000244	649.7000122	15.5124660271177	0.239285714285714	0.239285714285714	1
"219"	219	68544	"San Joaquin"	"Jefferson Elementary"	"KK-08"	865	43.5	3.084199905	12.57409954	96	655.1999512	4797.503418	14.57800007	3.352601051	660.7999878	649.5999756	19.8850574712644	0.110982658959538	0.110982658959538	1
"220"	220	69377	"Santa Clara"	"Berryessa Union Elementary"	"KK-08"	8735	408.2000122	7.496600151	21.34339905	1120	655.3000488	5397.161621	18.63059998	32.70749664	655.4000244	655.2000122	21.3988234662772	0.128219805380653	0.128219805380653	1
"221"	221	63958	"Kings"	"Kit Carson Union Elementary"	"KK-08"	412	20.10000038	8.73789978	60.92229843	72	655.3499756	5078.5	11.11600018	9.46601963	653	657.7000122	20.4975120502958	0.174757281553398	0.174757281553398	1
"222"	222	71290	"Stanislaus"	"Sylvan Union Elementary"	"KK-08"	6373	329.1199951	12.67850018	36.88999939	624	655.3499756	4733.746582	14.59766674	6.260787487	657.5999756	653.0999756	19.3637581881454	0.0979130707672995	0.0979130707672995	1
"223"	223	68635	"San Joaquin"	"Oak View Union Elementary"	"KK-08"	332	18.79999924	9.036100388	34.03609848	73	655.4000244	4963.060059	15.49300003	13.25301266	653.2000122	657.5999756	17.6595751819828	0.219879518072289	0.219879518072289	1
"224"	224	66787	"Placer"	"Auburn Union Elementary"	"KK-08"	2903	138.1199951	11.12639999	34.44710159	192	655.5499878	5431.177246	16.27199936	3.169135332	662	649.0999756	21.0179561467419	0.066138477437134	0.066138477437134	1
"225"	225	67504	"San Benito"	"North County Joint Union Elementary"	"KK-08"	565	29.64999962	6.725699902	36.6371994	60	655.6999512	5382.088867	13.63000011	16.9911499	651.5999756	659.7999878	19.0556494853675	0.106194690265487	0.106194690265487	1
"226"	226	61945	"El Dorado"	"Pioneer Union Elementary"	"KK-08"	586	26	7.508500099	37.88399887	78	655.7999878	5724.441895	12.39400005	0.853242338	662	649.5999756	22.5384615384615	0.133105802047782	0.133105802047782	1
"227"	227	67645	"San Bernardino"	"Central Elementary"	"KK-08"	5068	240.1000061	7.063899994	34.2344017	626	655.8499756	4843.427246	15.33100033	6.649565697	655.9000244	655.7999878	21.1078711838483	0.123520126282557	0.123520126282557	1
"228"	228	70094	"Shasta"	"Pacheco Union Elementary"	"KK-08"	859	42.84000015	16.4144001	40.1629982	118	656.4000244	5730.349121	12.66600037	0.116414435	654.0999756	658.7000122	20.0513538046755	0.137369033760186	0.137369033760186	1
"229"	229	66316	"Nevada"	"Chicago Park Elementary"	"KK-08"	145	10.21000004	8.275899887	20	20	656.5	5635.786133	13.71199989	0	657.7999878	655.2000122	14.2017629218344	0.137931034482759	0.137931034482759	1
"230"	230	68874	"San Mateo"	"Brisbane Elementary"	"KK-08"	649	35.125	3.852099895	19.5685997	155	656.5500488	5671.657227	17.78033447	6.933744431	658.7000122	654.4000244	18.4768683274021	0.238828967642527	0.238828967642527	1
"231"	231	63883	"Kings"	"Central Union Elementary"	"KK-08"	1789	96	2.962500095	56.00889969	435	656.6500244	7070.633301	10.55666733	9.558412552	655.4000244	657.9000244	18.6354166666667	0.24315259921744	0.24315259921744	1
"232"	232	70011	"Shasta"	"Happy Valley Union Elementary"	"KK-08"	775	37	24.90320015	61.41939926	50	656.7000122	5097.343262	10.52299976	0.90322578	661.5	651.9000244	20.9459459459459	0.0645161290322581	0.0645161290322581	1
"233"	233	61572	"Calaveras"	"Mark Twain Union Elementary"	"KK-08"	777	36.84999847	12.98869991	39.84870148	148	656.8000488	5482.677246	13.24300003	1.158301115	663.4000244	650.2000122	21.085482557959	0.19047619047619	0.19047619047619	1
"234"	234	65458	"Marin"	"San Rafael City Elementary"	"KK-08"	3518	188.1999969	9.770799637	49.42689896	419	656.8000488	5642.832031	22.47299957	40.10801697	656.7000122	656.9000244	18.6928802228902	0.11910176236498	0.11910176236498	1
"235"	235	67991	"San Diego"	"Cajon Valley Union Elementary"	"KK-08"	19294	924.5700073	18.93190002	50.97079849	2401	657	5280.023438	15.68465424	16.66321182	657.5999756	656.4000244	20.8680790504375	0.124442831968488	0.124442831968488	1
"236"	236	69393	"Santa Clara"	"Campbell Union Elementary"	"KK-08"	7661	386.4200134	7.805799961	32.13679886	1158	657	5433.339844	23.48374939	21.95535851	657.2999878	656.7000122	19.8255776987145	0.1511552016708	0.1511552016708	1
"237"	237	71365	"Sutter"	"Browns Elementary"	"KK-08"	158	8	6.329100132	25.31649971	34	657.1500244	4529.283691	11.64900017	8.860759735	661	653.2999878	19.75	0.215189873417722	0.215189873417722	1
"238"	238	66324	"Nevada"	"Clear Creek Elementary"	"KK-08"	117	6	8.403400421	36.1344986	42	657.4000244	6039.98584	16.3560009	0.854700923	664.9000244	649.9000244	19.5	0.358974358974359	0.358974358974359	1
"239"	239	63057	"Humboldt"	"Trinidad Union Elementary"	"KK-08"	160	8.699999809	16.09199905	36.78160095	37	657.5	6168.229492	14.07400036	0	672.7999878	642.2000122	18.3908050014533	0.23125	0.23125	1
"240"	240	70722	"Sonoma"	"Guerneville Elementary"	"KK-08"	511	27.20000076	27.48539925	51.85189819	30	657.5500488	5774.970215	13.43700027	3.913894176	664.2000122	650.9000244	18.7867641809581	0.0587084148727984	0.0587084148727984	1
"241"	241	69013	"San Mateo"	"San Bruno Park Elementary"	"KK-08"	2770	140.1100006	3.610100031	25.55960083	296	657.6500244	4806.761719	18.33799934	11.94945908	659.7000122	655.5999756	19.7701804877446	0.106859205776173	0.106859205776173	1
"242"	242	71472	"Tehama"	"Antelope Elementary"	"KK-08"	551	28.5	15.2343998	51.5625	46	657.75	4840.936035	11.42599964	3.992740393	660.2000122	655.2999878	19.3333333333333	0.0834845735027223	0.0834845735027223	1
"243"	243	66472	"Orange"	"Centralia Elementary"	"KK-06"	5205	242.5	8.318900108	37.29109955	474	657.7999878	4954.466309	15.74991703	22.93948174	655.0999756	660.5	21.4639175257732	0.0910662824207493	0.0910662824207493	1
"244"	244	67702	"San Bernardino"	"Etiwanda Elementary"	"KK-08"	6437	278.8399963	2.516700029	17.1508007	622	657.9000244	4023.531738	15.77900028	2.485630035	658.5	657.2999878	23.0849235597985	0.0966288643778157	0.0966288643778157	1
"245"	245	65169	"Los Angeles"	"Wiseburn Elementary"	"KK-08"	1712	81.27999878	5.373799801	32.65190125	122	658	5179.411133	14.06200027	9.871495247	657	659	21.0629924421365	0.0712616822429906	0.0712616822429906	1
"246"	246	63024	"Humboldt"	"Scotia Union Elementary"	"KK-08"	370	19.79999924	6.504099846	36.31439972	56	658.3499756	4385.229492	12.17399979	0.540540576	664	652.7000122	18.6868694041425	0.151351351351351	0.151351351351351	1
"247"	247	67785	"San Bernardino"	"Mountain View Elementary"	"KK-08"	3182	153.1999969	3.530499935	26.94330025	328	658.5999756	4777.512695	12.89999962	8.95663166	654.7000122	662.5	20.7702354072306	0.103079824010057	0.103079824010057	1
"248"	248	68791	"San Luis Obispo"	"Pleasant Valley Joint Union Elementary"	"KK-06"	139	7.199999809	0.719399989	29.49640083	32	658.7999878	4862.790527	10.97099972	6.47481966	661.2999878	656.2999878	19.3055560676891	0.23021582733813	0.23021582733813	1
"249"	249	69625	"Santa Clara"	"Oak Grove Elementary"	"KK-08"	11855	588.8400269	9.015800476	32.76549911	1507	659.0500488	5486.029785	17.43519974	20.72543144	654.9000244	663.2000122	20.132802558297	0.127119358920287	0.127119358920287	1
"250"	250	61960	"El Dorado"	"Pollock Pines Elementary"	"KK-08"	1068	51.66999817	12.82769966	36.79779816	129	659.1500244	5486.382324	14.76000023	0.187265918	662.0999756	656.2000122	20.6696349492052	0.120786516853933	0.120786516853933	1
"251"	251	64345	"Los Angeles"	"Castaic Union Elementary"	"KK-08"	2295	103	4.039500237	31.3708992	224	659.3499756	4631.243652	14.60299969	13.98692894	658.2999878	660.4000244	22.2815533980583	0.09760348583878	0.09760348583878	1
"252"	252	63255	"Inyo"	"Bishop Union Elementary"	"KK-08"	1510	73.30000305	10.25979996	37.10860062	141	659.4000244	5189.62793	13.52233315	8.741721153	662.7999878	656	20.6002719941224	0.0933774834437086	0.0933774834437086	1
"253"	253	69138	"Santa Barbara"	"Buellton Union Elementary"	"KK-08"	579	27.79999924	1.5	31.5	60	659.4000244	4600.606445	16.66900063	20.03454208	660	658.7999878	20.8273386988769	0.103626943005181	0.103626943005181	1
"254"	254	75135	"Madera"	"Chawanakee Jt. Elementary"	"KK-08"	1012	52.63999939	10.4847002	33.63010025	140	659.7999878	6735.775391	13.52225018	1.383399248	660.7999878	658.7999878	19.2249242349393	0.138339920948617	0.138339920948617	1
"255"	255	70508	"Siskiyou"	"Yreka Union Elementary"	"KK-08"	1212	68.65000153	18.29719925	47.12469864	107	659.9000244	5475.172852	12.51799965	2.062706232	660.4000244	659.4000244	17.6547701819112	0.0882838283828383	0.0882838283828383	1
"256"	256	70599	"Sonoma"	"Alexander Valley Union Elementary"	"KK-06"	119	7	4	33.59999847	23	660.0500488	5990.794434	18.32600021	28.57143021	661.7000122	658.4000244	17	0.19327731092437	0.19327731092437	1
"257"	257	66415	"Nevada"	"Twin Ridges Elementary"	"KK-08"	590	35.76250076	7.796599865	30.6779995	78	660.0999756	7203.246582	11.4659996	0.169491529	673.0999756	647.0999756	16.4977277165111	0.132203389830508	0.132203389830508	1
"258"	258	72173	"Tulare"	"Sundale Union Elementary"	"KK-08"	546	27.60000038	13.91940022	54.76190186	60	660.1999512	4777.769043	10.09799957	13.73626423	659.7999878	660.5999756	19.7826084232829	0.10989010989011	0.10989010989011	1
"259"	259	72207	"Tulare"	"Three Rivers Union Elementary"	"KK-08"	248	11.11999989	7.46269989	21.26869965	51	660.2999878	4302.834961	15.36499977	0	667.7999878	652.7999878	22.3021584939962	0.205645161290323	0.205645161290323	1
"260"	260	72348	"Tuolumne"	"Columbia Union Elementary"	"KK-08"	461	26	14.4708004	48.81209946	150	660.75	5630.194824	10.3113327	0.21691975	666.9000244	654.5999756	17.7307692307692	0.325379609544469	0.325379609544469	1
"261"	261	65102	"Los Angeles"	"Westside Union Elementary"	"KK-08"	6312	308.6799927	9.837900162	22.69300079	496	660.9499512	4708.625	16.98662567	3.121039391	662.0999756	659.7999878	20.4483612455392	0.0785804816223067	0.0785804816223067	1
"262"	262	65649	"Merced"	"Ballico-Cressey Elementary"	"KK-08"	285	13.98999977	7.241399765	66.20690155	62	661.3499756	5629.961426	9.612000465	47.36842346	661.0999756	661.5999756	20.3716944021079	0.217543859649123	0.217543859649123	1
"263"	263	68973	"San Mateo"	"Millbrae Elementary"	"KK-08"	2325	115.3000031	2.881700039	15.6559	302	661.4500122	4890.986816	21.11050034	22.70967865	662	660.9000244	20.1647869686831	0.12989247311828	0.12989247311828	1
"264"	264	69435	"Santa Clara"	"Evergreen Elementary"	"KK-08"	11885	549.8400269	10.19769955	30.44169998	1790	661.5999756	4929.393066	16.47331238	29.12074089	659.0999756	664.0999756	21.615377961855	0.150610012620951	0.150610012620951	1
"265"	265	70730	"Sonoma"	"Harmony Union Elementary"	"KK-08"	564	27.43000031	6.89659977	21.37929916	46	661.5999756	4905.221191	18.36899948	4.43262434	672.4000244	650.7999878	20.5614288598599	0.0815602836879433	0.0815602836879433	1
"266"	266	63362	"Kern"	"Panama Buena Vista Union Elementary"	"KK-08"	12380	620.3800049	12.29520035	31.01889992	1671	661.8499756	5156.856934	16.65411186	4.814216614	660.0999756	663.5999756	19.9555109807183	0.134975767366721	0.134975767366721	1
"267"	267	68932	"San Mateo"	"Laguna Salada Union Elementary"	"KK-08"	3772	178.0599976	3.371999979	18.38780022	529	661.8499756	4941.787598	18.54422188	5.249204636	665.4000244	658.2999878	21.1838708909429	0.140243902439024	0.140243902439024	1
"268"	268	72371	"Tuolumne"	"Sonora Elementary"	"KK-08"	895	47.58000183	17.55319977	42.44680023	70	661.8499756	5408.781738	14.18000031	1.899441361	662.7000122	661	18.8104238246516	0.0782122905027933	0.0782122905027933	1
"269"	269	66910	"Placer"	"Roseville City Elementary"	"KK-08"	5714	277.6700134	10.53429985	30.06909943	489	661.9000244	4981.387695	18.02955437	8.66293335	664.2999878	659.5	20.5783834200658	0.0855792789639482	0.0855792789639482	1
"270"	270	71084	"Stanislaus"	"Gratton Elementary"	"KK-08"	105	5.730000019	0	0	16	661.9000244	4877.086426	13.58600044	10.47619057	662.5	661.2999878	18.3246072690807	0.152380952380952	0.152380952380952	1
"271"	271	64196	"Lassen"	"Susanville Elementary"	"KK-08"	1449	76.98999786	16.5279007	42.60089874	125	661.9500122	5111.739258	12.64000034	1.242236018	660.4000244	663.5	18.8206265784666	0.0862663906142167	0.0862663906142167	1
"272"	272	69872	"Shasta"	"Bella Vista Elementary"	"KK-08"	510	24.5	20.39220047	45.88240051	95	662.4000244	5201.515625	11.10299969	0	663.0999756	661.7000122	20.8163265306122	0.186274509803922	0.186274509803922	1
"273"	273	71852	"Tulare"	"Columbine Elementary"	"KK-08"	160	8	11.25	56.875	39	662.4000244	4138.305664	7.5	9.375	651.4000244	673.4000244	20	0.24375	0.24375	1
"274"	274	64626	"Los Angeles"	"Hughes-Elizabeth Lakes Union Elementary"	"KK-08"	433	22	9.336099625	25.10370064	50	662.4500122	5743.597168	15.50599957	1.385681391	665.4000244	659.5	19.6818181818182	0.115473441108545	0.115473441108545	1
"275"	275	69591	"Santa Clara"	"Mountain View Elementary"	"KK-08"	3186	164.3099976	5.45389986	44.39070129	411	662.5	5702.705078	22.84140015	35.34212112	663.5	661.5	19.3901773874775	0.129001883239171	0.129001883239171	1
"276"	276	65045	"Los Angeles"	"Sulphur Springs Union Elementary"	"KK-06"	5010	239.3999939	5.298900127	27.35449982	576	662.5500488	4802.152832	19.82312584	9.64071846	661.7000122	663.4000244	20.9273188289751	0.11497005988024	0.11497005988024	1
"277"	277	70680	"Sonoma"	"Forestville Union Elementary"	"KK-08"	717	35.95000076	8.888899803	24.72220039	100	662.5500488	5442.143066	16.34700012	2.231520176	669.4000244	655.7000122	19.9443667550009	0.139470013947001	0.139470013947001	1
"278"	278	63750	"Kern"	"Rosedale Union Elementary"	"KK-08"	3548	170.6499939	3.25999999	14.8508997	335	662.6500244	4522.375488	16.29299927	0.36640361	658.2999878	667	20.7910936233558	0.0944193912063134	0.0944193912063134	1
"279"	279	69948	"Shasta"	"Columbia Elementary"	"KK-08"	868	45.20000076	16.58989906	29.83869934	78	662.7000122	4965.808105	13.24800014	0.57603687	662.4000244	663	19.2035395001175	0.0898617511520737	0.0898617511520737	1
"280"	280	66795	"Placer"	"Colfax Elementary"	"KK-08"	507	26.64999962	13.20390034	37.08739853	60	662.75	5358.326172	14.01000023	0	667.0999756	658.4000244	19.0243905151695	0.118343195266272	0.118343195266272	1
"281"	281	70425	"Siskiyou"	"Mt. Shasta Union Elementary"	"KK-08"	822	46.65000153	8.073800087	25.60549927	105	662.9000244	5784.625	14.16300011	0.851581514	668.2999878	657.5	17.6205782002254	0.127737226277372	0.127737226277372	1
"282"	282	70870	"Sonoma"	"Piner-Olivet Union Elementary"	"KK-06"	1792	88.55000305	3.125	20.92630005	143	663.3499756	5072.70459	15.77099991	5.524553776	667.4000244	659.2999878	20.2371534531528	0.0797991071428571	0.0797991071428571	1
"283"	283	65185	"Madera"	"Bass Lake Joint Elementary"	"KK-08"	1202	62.29999924	12.07689953	35.84619904	190	663.4499512	5556.041016	14.48333263	0	664.2999878	662.5999756	19.2937402032623	0.158069883527454	0.158069883527454	1
"284"	284	62745	"Humboldt"	"Cutten Elementary"	"KK-06"	515	27.35000038	16.11650085	26.21360016	58	663.5	5190.310059	14.20899963	0	660.2000122	666.7999878	18.8299814568412	0.112621359223301	0.112621359223301	1
"285"	285	61952	"El Dorado"	"Placerville Union Elementary"	"KK-08"	1354	66.56999969	12.0383997	36.48450089	263	663.8499756	5211.485352	15.16699982	2.437223196	666.4000244	661.2999878	20.3394923584985	0.19423929098966	0.19423929098966	1
"286"	286	71035	"Sonoma"	"Wright Elementary"	"KK-06"	1252	65.11000061	9.451199532	43.21649933	113	663.8499756	5284.164063	12.58425045	20.76677322	659.4000244	668.2999878	19.2289969017096	0.0902555910543131	0.0902555910543131	1
"287"	287	71522	"Tehama"	"Evergreen Union Elementary"	"KK-08"	823	46	13.85179996	55.28549957	127	663.9000244	5331.920898	10.55099964	2.187120438	657.7000122	670.0999756	17.8913043478261	0.154313487241798	0.154313487241798	1
"288"	288	70847	"Sonoma"	"Old Adobe Union Elementary"	"KK-06"	2231	114.3000031	2.916100025	13.36919975	258	664	5599.60791	16.95599937	13.62617588	666.2000122	661.7999878	19.5188096193499	0.115643209323173	0.115643209323173	1
"289"	289	71019	"Sonoma"	"Wilmar Union Elementary"	"KK-06"	271	14.19999981	4.467400074	25.42959976	81	664	4881.899414	17.70899963	13.28413296	668.7000122	659.2999878	19.0845072976096	0.298892988929889	0.298892988929889	1
"290"	290	66761	"Placer"	"Ackerman Elementary"	"KK-08"	309	15.5	4.207099915	32.68610001	85	664.1500244	4700.432129	16.27199936	1.941747546	671.2999878	657	19.9354838709677	0.275080906148867	0.275080906148867	1
"291"	291	69815	"Santa Cruz"	"Santa Cruz City Elementary"	"KK-06"	3005	159.2200012	8.619000435	33.81029892	308	664.1500244	5650	17.9008007	23.0615654	666.7000122	661.5999756	18.8732569862586	0.102495840266223	0.102495840266223	1
"292"	292	62679	"Humboldt"	"Arcata Elementary"	"KK-08"	966	47.95999908	20.95809937	47.30540085	114	664.2999878	5318.240723	11.83399963	0.621118009	674	654.5999756	20.1417852070568	0.118012422360248	0.118012422360248	1
"293"	293	67595	"San Bernardino"	"Alta Loma Elementary"	"KK-08"	7710	327.2999878	4.472199917	15.92990017	814	664.4000244	4709.054199	18.6201992	3.255512238	663.4000244	665.4000244	23.5563711805308	0.105577172503243	0.105577172503243	1
"294"	294	66837	"Placer"	"Foresthill Union Elementary"	"KK-08"	762	35.5	10.8107996	30.37319946	54	664.4499512	5143.19043	12.43099976	0	663.0999756	665.7999878	21.4647887323944	0.0708661417322835	0.0708661417322835	1
"295"	295	61929	"El Dorado"	"Mother Lode Union Elementary"	"KK-08"	1708	89	8.489500046	29.03980064	206	664.7000122	5133.009766	15.16699982	2.224824429	665.5	663.9000244	19.1910112359551	0.120608899297424	0.120608899297424	1
"296"	296	66613	"Orange"	"Ocean View Elementary"	"KK-08"	9850	489.2999878	3.335000038	30.64369965	1113	664.75	5081.455566	20.87574959	18.55837631	663.7000122	665.7999878	20.1307996026891	0.112994923857868	0.112994923857868	1
"297"	297	62596	"Glenn"	"Lake Elementary"	"KK-08"	129	5	9.302300453	50.38759995	10	664.9499512	4016.41626	10.63899994	6.201550484	667.5999756	662.2999878	25.8	0.0775193798449612	0.0775193798449612	1
"298"	298	69039	"San Mateo"	"San Mateo-Foster City Elementary"	"KK-08"	10619	565.5100098	2.538399935	28.37660027	1150	664.9500122	5374.050293	25.02961922	18.45748138	665.9000244	664	18.7777401212678	0.108296449759864	0.108296449759864	1
"299"	299	69195	"Santa Barbara"	"Goleta Union Elementary"	"KK-06"	4521	236.5800018	3.705199957	31.08279991	494	665.0999756	5427.548828	16.75780106	32.07255173	666.7999878	663.4000244	19.1098147163849	0.109267861092679	0.109267861092679	1
"300"	300	67736	"San Bernardino"	"Helendale Elementary"	"KK-08"	580	29.44000053	11.89659977	30.17239952	114	665.2000122	5179.644531	15.29699993	3.965517044	656.2000122	674.2000122	19.7010866018486	0.196551724137931	0.196551724137931	1
"301"	301	70854	"Sonoma"	"Petaluma City Elementary"	"KK-06"	2569	138	5.486400127	24.74710083	326	665.3499756	5400	17.3694458	15.33670712	669.7999878	660.9000244	18.6159420289855	0.126897625535228	0.126897625535228	1
"302"	302	69690	"Santa Clara"	"Sunnyvale Elementary"	"KK-08"	6022	286.7999878	6.394999981	36.0007019	756	665.6500244	5726.146484	22.09600067	27.66522789	663.9000244	667.4000244	20.9972114929079	0.125539687811358	0.125539687811358	1
"303"	303	69179	"Santa Barbara"	"College Elementary"	"KK-08"	670	33.5	0.416099995	13.8696003	47	665.9000244	5003.870117	22.84199905	12.53731441	670.2999878	661.5	20	0.0701492537313433	0.0701492537313433	1
"304"	304	68197	"San Diego"	"La Mesa-Spring Valley"	"KK-08"	14708	700.9400024	13.53009987	45.72340012	1962	665.9500122	4969.51123	18.31987572	12.68017483	664.5	667.4000244	20.9832509910124	0.133396790862116	0.133396790862116	1
"305"	305	66530	"Orange"	"Huntington Beach City Elementary"	"KK-08"	6601	305	1.196799994	15.08860016	706	666	4747.295898	25.03000069	6.908044338	668	664	21.6426229508197	0.106953491895167	0.106953491895167	1
"306"	306	69336	"Santa Barbara"	"Solvang Elementary"	"KK-08"	675	33.70000076	0	31.8519001	87	666.0500488	4543.305176	21.95700073	14.96296215	668.7000122	663.4000244	20.0296731387967	0.128888888888889	0.128888888888889	1
"307"	307	69849	"Santa Cruz"	"Soquel Elementary"	"KK-08"	2458	124.0699997	6.018700123	24.60350037	193	666.0999756	5229.591309	18.79683304	11.26932526	666.9000244	665.2999878	19.8113968400372	0.0785191212367779	0.0785191212367779	1
"308"	308	62554	"Glenn"	"Capay Joint Union Elementary"	"KK-08"	144	8	4.166699886	44.44440079	14	666.1500244	4507.353027	10.63899994	9.722222328	671.9000244	660.4000244	18	0.0972222222222222	0.0972222222222222	1
"309"	309	70714	"Sonoma"	"Gravenstein Union Elementary"	"KK-08"	573	29.60000038	6.993000031	15.20979977	48	666.1500244	5302.62793	17.50799942	3.315881252	671	661.2999878	19.3581078595919	0.0837696335078534	0.0837696335078534	1
"310"	310	66381	"Nevada"	"Pleasant Valley Elementary"	"KK-08"	721	35.72999954	1.849400043	18.49410057	82	666.4499512	5545.610352	18.59300041	0.693481266	668.7999878	664.0999756	20.1791214464706	0.11373092926491	0.11373092926491	1
"311"	311	63990	"Kings"	"Pioneer Union Elementary"	"KK-08"	992	46.97000122	3.729799986	22.88310051	160	666.5500488	4615.908691	11.11600018	5.141129017	671.2000122	661.9000244	21.1198631942467	0.161290322580645	0.161290322580645	1
"312"	312	68361	"San Diego"	"Santee Elementary"	"KK-08"	8432	360.5	6.392300129	22.98390007	0	666.5999756	5397.689453	14.09766674	4.969165325	663.7000122	669.5	23.3897364771151	0	0	1
"313"	313	64113	"Lassen"	"Johnstonville Elementary"	"KK-08"	244	11	15.57380009	40.16389847	15	666.6500244	5118.373047	12.64000034	6.967213154	672.0999756	661.2000122	22.1818181818182	0.0614754098360656	0.0614754098360656	1
"314"	314	72553	"Ventura"	"Pleasant Valley Elementary"	"KK-08"	7116	356.8200073	2.598999977	13.27620029	785	666.6500244	5008.070801	20.93642807	7.99606514	667.5	665.7999878	19.9428279087982	0.110314783586284	0.110314783586284	1
"315"	315	72355	"Tuolumne"	"Curtis Creek Elementary"	"KK-08"	830	46.65999985	10.41189957	32.6086998	95	666.6999512	4906.030273	14.18000031	0.481927723	662.0999756	671.2999878	17.7882555222511	0.114457831325301	0.114457831325301	1
"316"	316	70300	"Siskiyou"	"Fort Jones Union Elementary"	"KK-06"	160	10.88000011	13.37580013	53.50320053	38	666.8499756	6870.346191	11.82600021	2.5	666.9000244	666.7999878	14.7058822042604	0.2375	0.2375	1
"317"	317	70805	"Sonoma"	"Mark West Union Elementary"	"KK-06"	1588	83.40000153	6.798500061	20.58099937	220	666.8499756	5301.716309	18.67099953	3.841310024	671.2999878	662.4000244	19.0407670367821	0.138539042821159	0.138539042821159	1
"318"	318	67967	"San Diego"	"Alpine Union Elementary"	"KK-08"	2272	108.75	4.049300194	16.06509972	307	667.1500244	5182.365723	17.33200073	1.32042253	667.7000122	666.5999756	20.8919540229885	0.13512323943662	0.13512323943662	1
"319"	319	70938	"Sonoma"	"Sebastopol Union Elementary"	"KK-08"	1425	71.83000183	5.092599869	19.8302002	65	667.1999512	4999.46875	17.50799942	4.91228056	669.7999878	664.5999756	19.838507081937	0.0456140350877193	0.0456140350877193	1
"320"	320	62828	"Humboldt"	"Freshwater Elementary"	"KK-06"	245	12.55000019	8.979599953	13.06120014	30	667.4500122	6732.066406	15.57199955	0	672.2000122	662.7000122	19.5219120550467	0.122448979591837	0.122448979591837	1
"321"	321	63693	"Kern"	"Norris Elementary"	"KK-08"	1349	65.21250153	2.001499891	8.673100471	259	667.4500122	4612.989746	15.56725025	0.222386956	667	667.9000244	20.6862176476916	0.191994069681245	0.191994069681245	1
"322"	322	72132	"Tulare"	"Springville Union Elementary"	"KK-08"	400	22	13.80090046	29.86429977	65	667.5999756	5478.845703	15.75199986	0	669.2000122	666	18.1818181818182	0.1625	0.1625	1
"323"	323	69575	"Santa Clara"	"Moreland Elementary"	"KK-08"	4632	245.1799927	7.037000179	23.6420002	637	668	5666.713867	20.46999931	17.85405922	669.4000244	666.5999756	18.8922429966285	0.137521588946459	0.137521588946459	1
"324"	324	63610	"Kern"	"Maple Elementary"	"KK-08"	224	9	5.35710001	35.26789856	15	668.0999756	4742.51416	9.708999634	4.464285851	660.5	675.7000122	24.8888888888889	0.0669642857142857	0.0669642857142857	1
"325"	325	63941	"Kings"	"Kings River-Hardwick Union Elementary"	"KK-08"	576	31	3.993099928	28.125	92	668.4000244	4907.392578	11.11600018	9.548611641	665.7999878	671	18.5806451612903	0.159722222222222	0.159722222222222	1
"326"	326	68163	"San Diego"	"Julian Union Elementary"	"KK-08"	451	25	8.647500038	11.7517004	75	668.5999756	5700.402344	16.32099915	3.991130829	672.7000122	664.5	18.04	0.16629711751663	0.16629711751663	1
"327"	327	68007	"San Diego"	"Cardiff Elementary"	"KK-06"	900	50.75	2.101799965	24.3362999	145	668.6500244	5191.834473	21.96699905	20.66666603	668.7999878	668.5	17.7339901477833	0.161111111111111	0.161111111111111	1
"328"	328	72108	"Tulare"	"Saucelito Elementary"	"KK-08"	118	5.5	8.333299637	51.66669846	10	668.7999878	4451.256836	8.934000015	7.627118587	668.5	669.0999756	21.4545454545455	0.0847457627118644	0.0847457627118644	1
"329"	329	67975	"San Diego"	"Bonsall Union Elementary"	"KK-08"	1457	73.12999725	5.982299805	42.9640007	0	668.9000244	5627.527832	19.99699974	27.45367241	666.2000122	671.5999756	19.9234247885877	0	0	1
"330"	330	66480	"Orange"	"Cypress Elementary"	"KK-06"	4734	232.75	2.607800007	19.37249947	586	668.9500122	4922.939941	18.82723045	10.85762596	665.5	672.4000244	20.3394199785177	0.123785382340515	0.123785382340515	1
"331"	331	64766	"Los Angeles"	"Lowell Joint Elementary"	"KK-08"	3303	146.5	4.662399769	16.95429993	379	669.0999756	4969.380859	18.1186657	5.025733948	666.0999756	672.0999756	22.5460750853242	0.11474417196488	0.11474417196488	1
"332"	332	64832	"Los Angeles"	"Newhall Elementary"	"KK-06"	6055	286.9200134	5.613399982	30.08510017	540	669.3000488	4829.717285	23.66737556	14.23616886	668.9000244	669.7000122	21.1034424829704	0.0891824938067713	0.0891824938067713	1
"333"	333	65359	"Marin"	"Lagunitas Elementary"	"KK-08"	424	23.29999924	3.537699938	15.3302002	39	669.3000488	6716.692871	22.13899994	0.235849053	680.9000244	657.7000122	18.197425486268	0.0919811320754717	0.0919811320754717	1
"334"	334	69385	"Santa Clara"	"Cambrian Elementary"	"KK-08"	2801	139.3000031	5.033899784	23.09889984	615	669.3499756	5205.941895	20.54599953	2.070688963	673.2999878	665.4000244	20.1076808159813	0.219564441270975	0.219564441270975	1
"335"	335	71654	"Tehama"	"Richfield Elementary"	"KK-08"	187	9.760000229	17.55319977	44.68090057	37	669.3499756	4357.826172	9.484999657	8.556149483	664.5999756	674.0999756	19.1598356160243	0.197860962566845	0.197860962566845	1
"336"	336	62794	"Humboldt"	"Fieldbrook Elementary"	"KK-08"	129	6.599999905	13.95349979	27.1317997	17	669.7999878	5195.918945	11.83399963	0	670.0999756	669.5	19.5454548267906	0.131782945736434	0.131782945736434	1
"337"	337	68049	"San Diego"	"Dehesa Elementary"	"KK-06"	188	9	6.382999897	36.70209885	41	669.8499756	6002.071777	18.79899979	4.787234306	673.2000122	666.5	20.8888888888889	0.218085106382979	0.218085106382979	1
"338"	338	69955	"Shasta"	"Cottonwood Union Elementary"	"KK-08"	1212	65.90000153	22.19470024	46.12210083	116	669.9500122	5090.587891	10.55099964	3.960396051	669.2000122	670.7000122	18.3915018491806	0.0957095709570957	0.0957095709570957	1
"339"	339	63479	"Kern"	"Fruitvale Elementary"	"KK-08"	2596	135.3500061	3.004600048	19.53000069	249	670	5112.390137	15.51900005	1.579352856	669.2000122	670.7999878	19.1799030883088	0.0959167950693374	0.0959167950693374	1
"340"	340	69708	"Santa Clara"	"Union Elementary"	"KK-08"	4925	253.8959961	3.821099997	12.17479992	753	670.6999512	5287.35498	21.63172722	3.593908548	672.7999878	668.5999756	19.3977064453597	0.152893401015228	0.152893401015228	1
"341"	341	66498	"Orange"	"Fountain Valley Elementary"	"KK-08"	6257	288.6300049	2.163500071	15.51280022	930	671.25	4889.47998	21.09575081	8.726226807	671.2000122	671.2999878	21.6782728537451	0.148633530445901	0.148633530445901	1
"342"	342	61879	"El Dorado"	"Gold Oak Union Elementary"	"KK-08"	868	45	4.723499775	19.00919914	122	671.2999878	5118.130371	15.16699982	0	674.5999756	668	19.2888888888889	0.140552995391705	0.140552995391705	1
"343"	343	61838	"El Dorado"	"Buckeye Union Elementary"	"KK-08"	3787	186.1000061	3.247999907	8.34430027	934	671.5999756	5119.123047	19.11700058	0.264061272	674.9000244	668.2999878	20.3492739165472	0.246633218906786	0.246633218906786	1
"344"	344	75085	"Placer"	"Rocklin Unified"	"KK-08"	6423	306.3800049	2.929899931	14.26599979	855	671.5999756	4792.211426	17.62000084	1.447921515	671.4000244	671.7999878	20.9641618162922	0.133115366651098	0.133115366651098	1
"345"	345	61887	"El Dorado"	"Gold Trail Union Elementary"	"KK-08"	678	34.84000015	2.507400036	15.92920017	47	671.6500244	5450.103516	15.16699982	0.147492617	677.5999756	665.7000122	19.4603902721281	0.0693215339233038	0.0693215339233038	1
"346"	346	62885	"Humboldt"	"Hydesville Elementary"	"KK-08"	162	8.399999619	16.95910072	33.91809845	23	671.6999512	5210.724609	10.64299965	0	679.7999878	663.5999756	19.2857151604592	0.141975308641975	0.141975308641975	1
"347"	347	64998	"Los Angeles"	"Saugus Union Elementary"	"KK-06"	8529	407.7000122	2.192500114	11.70129967	834	671.75	4715.445801	20.73905563	3.705006361	668.9000244	674.5999756	20.9197933401484	0.0977840309532184	0.0977840309532184	1
"348"	348	66845	"Placer"	"Loomis Union Elementary"	"KK-08"	1862	89.08999634	2.829699993	21.08919907	231	671.9000244	4632.068359	21.56599998	0.268528461	673.0999756	670.7000122	20.900214126106	0.12406015037594	0.12406015037594	1
"349"	349	66886	"Placer"	"Placer Hills Union Elementary"	"KK-08"	1452	70.5	2.426000118	10.41419983	183	671.9000244	5028.561523	17.65600014	0	679.5999756	664.2000122	20.5957446808511	0.12603305785124	0.12603305785124	1
"350"	350	70672	"Sonoma"	"Dunham Elementary"	"KK-06"	155	8	0.645200014	12.25809956	32	671.9499512	5695.466797	17.70899963	4.516129017	672.2999878	671.5999756	19.375	0.206451612903226	0.206451612903226	1
"351"	351	69021	"San Mateo"	"San Carlos Elementary"	"KK-08"	2536	127.1100006	2.032799959	2.032799959	343	672.0499878	4504.294922	27.81599998	2.444794893	676.0999756	668	19.9512232556783	0.135252365930599	0.135252365930599	1
"352"	352	66399	"Nevada"	"Ready Springs Union Elementary"	"KK-08"	567	30.07999992	4.895100117	29.02099991	103	672.0500488	5156.437012	18.59300041	0	673.9000244	670.2000122	18.8497340926855	0.181657848324515	0.181657848324515	1
"353"	353	65219	"Madera"	"Coarsegold Union Elementary"	"KK-08"	953	52.59999847	7.98759985	33.9211998	135	672.2999878	5433.51416	14.26299953	0	668.0999756	676.5	18.1178712494362	0.141657922350472	0.141657922350472	1
"354"	354	68726	"San Luis Obispo"	"Cayucos Elementary"	"KK-08"	296	15.43000031	5.592100143	25.98679924	42	672.3499756	5254.631836	22.75799942	5.405405521	674.5999756	670.0999756	19.1834085582076	0.141891891891892	0.141891891891892	1
"355"	355	64170	"Lassen"	"Richmond Elementary"	"KK-08"	198	9	2.450999975	12.74510002	24	672.4500122	4593.196777	12.64000034	0	672.7000122	672.2000122	22	0.121212121212121	0.121212121212121	1
"356"	356	62109	"Fresno"	"Clay Joint Elementary"	"KK-08"	218	10.10000038	2.242199898	25.1121006	49	672.5500488	4320.678711	11.23799992	6.422018051	669.4000244	675.7000122	21.5841576037644	0.224770642201835	0.224770642201835	1
"357"	357	70995	"Sonoma"	"Waugh Elementary"	"KK-06"	734	36	2.024300098	12.82050037	117	672.6999512	4920.777344	16.95599937	6.539509296	676.0999756	669.2999878	20.3888888888889	0.159400544959128	0.159400544959128	1
"358"	358	70979	"Sonoma"	"Two Rock Union Elementary"	"KK-06"	189	11.60000038	2.07249999	32.12440109	50	673.0499878	6905.869141	17.70899963	14.2857151	679.0999756	667	16.2931029145363	0.264550264550265	0.264550264550265	1
"359"	359	68866	"San Mateo"	"Belmont-Redwood Shores Elementary"	"KK-08"	2528	138.3099976	1.342100024	2.445600033	482	673.25	5729.904297	25.62199974	3.678797483	675	671.5	18.2777821116816	0.190664556962025	0.190664556962025	1
"360"	360	61978	"El Dorado"	"Rescue Union Elementary"	"KK-08"	2987	154.1699982	2.042200089	11.18179989	290	673.2999878	4825.202148	18.72599983	0.502176106	676.0999756	670.5	19.37471644856	0.0970873786407767	0.0970873786407767	1
"361"	361	66779	"Placer"	"Alta-Dutch Flat Union Elementary"	"KK-08"	208	11	9.389699936	32.86380005	21	673.5499878	5388.17041	13.44299984	0	680.5	666.5999756	18.9090909090909	0.100961538461538	0.100961538461538	1
"362"	362	68353	"San Diego"	"San Pasqual Union Elementary"	"KK-08"	379	23.10000038	2.902400017	22.16360092	29	673.5499878	5133.827148	15.18000031	22.69129372	670.5	676.5999756	16.4069261370289	0.0765171503957784	0.0765171503957784	1
"363"	363	61911	"El Dorado"	"Latrobe Elementary"	"KK-08"	145	9.300000191	6.20690012	0	27	673.9000244	5346.15625	19.11700058	0	670.5	677.2999878	15.5913975292519	0.186206896551724	0.186206896551724	1
"364"	364	66407	"Nevada"	"Union Hill Elementary"	"KK-08"	706	37.74000168	2.593699932	23.05480003	103	674.25	4789.309082	13.71199989	0.141643062	676	672.5	18.7069414036126	0.145892351274788	0.145892351274788	1
"365"	365	70961	"Sonoma"	"Twin Hills Union Elementary"	"KK-08"	878	47.90000153	1.375	15.75	105	675.4000244	5329.782227	17.50799942	2.733485222	681	669.7999878	18.3298532767291	0.119589977220957	0.119589977220957	1
"366"	366	62976	"Humboldt"	"Pacific Union Elementary"	"KK-08"	594	33.18000031	12.26889992	25.37820053	75	675.7000122	5371.172852	11.83399963	1.68350172	683	668.4000244	17.902350646482	0.126262626262626	0.126262626262626	1
"367"	367	71696	"Trinity"	"Douglas City Elementary"	"KK-08"	139	7.349999905	20.86330032	66.90650177	40	676.1500244	5771.383789	13.27299976	0	680.0999756	672.2000122	18.9115648702855	0.287769784172662	0.287769784172662	1
"368"	368	66373	"Nevada"	"Pleasant Ridge Union Elementary"	"KK-08"	2089	102.7799988	2.51850009	14.0369997	318	676.5499878	4993.634766	16.3560009	0.143609375	673.7999878	679.2999878	20.3249661839848	0.152225945428435	0.152225945428435	1
"369"	369	66852	"Placer"	"Newcastle Elementary"	"KK-08"	326	16.28000069	4.294499874	11.04290009	42	676.5999756	4854.038086	18.62599945	0	673.2999878	679.9000244	20.0245691758629	0.128834355828221	0.128834355828221	1
"370"	370	72470	"Ventura"	"Mesa Union Elementary"	"KK-08"	516	21.5	0.968999982	27.71319962	50	676.8499756	4392.679688	23.7329998	11.04651165	680.5	673.2000122	24	0.0968992248062016	0.0968992248062016	1
"371"	371	71787	"Trinity"	"Weaverville Elementary"	"KK-08"	449	25.5	12.72729969	48.48479843	50	676.9499512	5884.432129	12.93400002	0	672.7999878	681.0999756	17.6078431372549	0.111358574610245	0.111358574610245	1
"372"	372	70078	"Shasta"	"North Cow Creek Elementary"	"KK-08"	297	15.35000038	2.356899977	4.040400028	70	677.25	4273.993164	13.90600014	0	679	675.5	19.3485337229679	0.235690235690236	0.235690235690236	1
"373"	373	66340	"Nevada"	"Nevada City Elementary"	"KK-08"	1579	80.23999786	5.555600166	21.78030014	165	677.9500122	5146.78418	15.42800045	0.063331224	678.5	677.4000244	19.6784651310059	0.104496516782774	0.104496516782774	1
"374"	374	62893	"Humboldt"	"Jacoby Creek Elementary"	"KK-08"	383	20.45000076	6.005199909	10.18280029	49	678.0500488	5351.522949	15.38099957	0	682.9000244	673.2000122	18.7286056609418	0.127937336814621	0.127937336814621	1
"375"	375	70698	"Sonoma"	"Fort Ross Elementary"	"KK-08"	81	5.099999905	3.614500046	0	14	678.4000244	7667.571777	22.52899933	0	685.2999878	671.5	15.8823532370242	0.172839506172839	0.172839506172839	1
"376"	376	68080	"San Diego"	"Encinitas Union Elementary"	"KK-06"	5259	262.230011	2.395900011	19.09110069	701	678.7999878	5281.708984	23.80609894	15.05989742	679	678.5999756	20.0549127841817	0.133295303289599	0.133295303289599	1
"377"	377	65318	"Marin"	"Dixie Elementary"	"KK-08"	1960	108.9599991	1.941699982	3.730200052	223	679.4000244	5368.50293	24.60300064	1.479591846	684.0999756	674.7000122	17.9882527183318	0.113775510204082	0.113775510204082	1
"378"	378	69492	"Santa Clara"	"Lakeside Joint Elementary"	"KK-06"	151	8.899999619	2.648999929	8.60929966	31	679.5	6429.257324	36.17399979	2.649006605	676.7999878	682.2000122	16.9662928611413	0.205298013245033	0.205298013245033	1
"379"	379	64600	"Los Angeles"	"Hermosa Beach City Elementary"	"KK-08"	946	49.16999817	2.17840004	6.535299778	310	679.6500244	5387.458984	33.45500183	1.47991538	683.0999756	676.2000122	19.2393743178372	0.3276955602537	0.3276955602537	1
"380"	380	70896	"Sonoma"	"Rincon Valley Union Elementary"	"KK-06"	2707	141.0200043	5.1395998	19.23080063	300	679.75	5235.774902	20.4802227	4.469892979	678.7000122	680.7999878	19.1958581581181	0.110823790173624	0.110823790173624	1
"381"	381	66233	"Monterey"	"Washington Union Elementary"	"KK-08"	919	46.88999939	1.049299955	0	141	679.8000488	4829.896484	20.13400078	0.326441795	680.2000122	679.4000244	19.5990618885781	0.153427638737758	0.153427638737758	1
"382"	382	70623	"Sonoma"	"Bennett Valley Union Elementary"	"KK-06"	945	46	4.239900112	10.65149975	216	680.0500488	5088.708008	19.3465004	2.539682627	685.7000122	674.4000244	20.5434782608696	0.228571428571429	0.228571428571429	1
"383"	383	69500	"Santa Clara"	"Loma Prieta Joint Union Elemen"	"KK-08"	738	39.70199966	0	0.67750001	220	680.4500122	5390.118164	36.17399979	0.54200542	684.2000122	676.7000122	18.5884843665328	0.29810298102981	0.29810298102981	1
"384"	384	70789	"Sonoma"	"Kenwood Elementary"	"KK-06"	164	10.51000023	2.352900028	12.94120026	35	681.2999878	6588.430664	22.86333466	11.58536625	682.7999878	679.7999878	15.6041861475773	0.213414634146341	0.213414634146341	1
"385"	385	70797	"Sonoma"	"Liberty Elementary"	"KK-06"	167	10.92000008	0.520799994	11.45829964	29	681.2999878	6196.694824	17.70899963	11.37724495	680.7999878	681.7999878	15.2930401810034	0.173652694610778	0.173652694610778	1
"386"	386	71142	"Stanislaus"	"Knights Ferry Elementary"	"KK-08"	125	7.079999924	4	14.39999962	25	681.5999756	4645.413086	14.17700005	0	688.5	674.7000122	17.6553674211593	0.2	0.2	1
"387"	387	65334	"Marin"	"Kentfield Elementary"	"KK-08"	1091	62.06000137	0.53670001	0.53670001	113	681.9000244	6489.928711	41.0929985	1.37488544	689.7999878	674	17.5797611330282	0.103574702108158	0.103574702108158	1
"388"	388	69104	"Santa Barbara"	"Ballard Elementary"	"KK-06"	134	6	0.746299982	3.731300116	27	682.1500244	5094.958984	21.95700073	2.238806009	681.7999878	682.5	22.3333333333333	0.201492537313433	0.201492537313433	1
"389"	389	70839	"Sonoma"	"Oak Grove Union Elementary"	"KK-08"	600	32	2.694099903	29.31850052	55	682.4500122	4841.958496	16.06399918	5.333333492	680	684.9000244	18.75	0.0916666666666667	0.0916666666666667	1
"390"	390	75002	"Marin"	"Ross Valley Elementary"	"KK-08"	1803	99.59999847	1.924200058	3.621999979	283	682.5499878	6315.3125	25.73699951	2.773155928	685.5999756	679.5	18.1024099166334	0.156960621186911	0.156960621186911	1
"391"	391	69773	"Santa Cruz"	"Mountain Elementary"	"KK-06"	158	7.800000191	13.75	16.25	15	682.6500244	5399.383301	20.47400093	0	687.2999878	678	20.2564097603879	0.0949367088607595	0.0949367088607595	1
"392"	392	68882	"San Mateo"	"Burlingame Elementary"	"KK-08"	2392	127.2200012	1.421399951	6.270899773	439	683.3499756	5429.473633	35.81000137	17.72575188	682.4000244	684.2999878	18.8020749680672	0.183528428093645	0.183528428093645	1
"393"	393	70003	"Shasta"	"Grant Elementary"	"KK-08"	526	28.02000046	3.992399931	11.40680027	33	683.4000244	5644.286133	13.56700039	0	684.5	682.2999878	18.7723051878922	0.0627376425855513	0.0627376425855513	1
"394"	394	69757	"Santa Cruz"	"Happy Valley Elementary"	"KK-06"	141	6.909999847	10.07190037	9.352499962	44	684.3000488	6060.256836	20.0890007	0	680.4000244	688.2000122	20.405210292619	0.312056737588652	0.312056737588652	1
"395"	395	69732	"Santa Cruz"	"Bonny Doon Union Elementary"	"KK-06"	235	12.60000038	4.660999775	5.932199955	30	684.3499756	5319.553711	18.28300095	0.425531894	688.5	680.2000122	18.6507930883094	0.127659574468085	0.127659574468085	1
"396"	396	61812	"Contra Costa"	"Walnut Creek Elementary"	"KK-08"	3280	158.3999939	2.752300024	7.859300137	406	684.8000488	4819.903809	25.23971558	6.067073345	682.2000122	687.4000244	20.7070715045021	0.123780487804878	0.123780487804878	1
"397"	397	69211	"Santa Barbara"	"Hope Elementary"	"KK-06"	1254	57	1.582299948	12.5	0	684.9500122	5208.226074	25.06299973	10.12759113	686.2000122	683.7000122	22	0	0	1
"398"	398	65367	"Marin"	"Larkspur Elementary"	"KK-08"	948	53.56000137	1.793200016	1.898699999	155	686.0500488	5859.964844	30.62849998	3.375527382	692.2000122	679.9000244	17.6997754994643	0.163502109704641	0.163502109704641	1
"399"	399	69419	"Santa Clara"	"Cupertino Union Elementary"	"KK-08"	15228	708.8300171	1.715399981	4.690899849	2232	686.6999512	4962.736816	27.47521591	8.648542404	683.0999756	690.2999878	21.483288845895	0.146572104018913	0.146572104018913	1
"400"	400	69781	"Santa Cruz"	"Pacific Elementary"	"KK-06"	81	4.849999905	13.25300026	20.48189926	21	687.5499878	7614.379395	30.84000015	12.34567928	693.7999878	681.2999878	16.7010312549687	0.259259259259259	0.259259259259259	1
"401"	401	69526	"Santa Clara"	"Los Gatos Union Elementary"	"KK-08"	2768	141.3999939	0.448100001	2.792099953	540	689.0999756	5566.467773	34.15950012	1.589595318	691.5999756	686.5999756	19.5756726973947	0.195086705202312	0.195086705202312	1
"402"	402	69252	"Santa Barbara"	"Montecito Union Elementary"	"KK-06"	535	31	0.079999998	0.720000029	84	691.0499878	7039.949219	43.22999954	1.495327115	693.5	688.5999756	17.258064516129	0.157009345794393	0.157009345794393	1
"403"	403	68387	"San Diego"	"Solana Beach Elementary"	"KK-06"	2542	146.3000031	0.826099992	9.677399635	404	691.3499756	6604.063965	27.94775009	10.38552284	687.7000122	695	17.3752559544546	0.158929976396538	0.158929976396538	1
"404"	404	68965	"San Mateo"	"Menlo Park City Elementary"	"KK-08"	1940	111.8199997	0.412400007	3.917500019	265	691.9000244	6180.148926	49.93899918	6.134020329	693.7000122	690.0999756	17.3493114398569	0.13659793814433	0.13659793814433	1
"405"	405	65425	"Marin"	"Reed Union Elementary"	"KK-08"	1059	65.12000275	0.849900007	1.416399956	272	693.9500122	6460.657227	55.32799911	2.266288996	695.9000244	692	16.2622843255331	0.256846081208687	0.256846081208687	1
"406"	406	65391	"Marin"	"Mill Valley Elementary"	"KK-08"	2340	132.1999969	1.581200004	2.435899973	403	694.25	6415.35498	35.48099899	2.47863245	693.5999756	694.9000244	17.7004542728548	0.172222222222222	0.172222222222222	1
"407"	407	61713	"Contra Costa"	"Lafayette Elementary"	"KK-08"	3469	172.3399963	0	0.1734	496	694.8000488	5230.876953	34.30099869	0.893629253	697.9000244	691.7000122	20.1288155650262	0.142980686076679	0.142980686076679	1
"408"	408	68056	"San Diego"	"Del Mar Union Elementary"	"KK-06"	2106	115.3000031	1.709400058	2.611599922	300	695.1999512	5838.171875	38.62857056	2.421652317	695.0999756	695.2999878	18.2653941316329	0.142450142450142	0.142450142450142	1
"409"	409	69088	"San Mateo"	"Woodside Elementary"	"KK-08"	478	32.86999893	0	0	112	695.2999878	7711.506836	35.34199905	3.765690327	701.2999878	689.2999878	14.5421361594185	0.234309623430962	0.234309623430962	1
"410"	410	61747	"Contra Costa"	"Moraga Elementary"	"KK-08"	1885	98.41999817	0.0506	0.303299993	241	696.5500488	5592.765137	31.05200005	1.962864757	697.4000244	695.7000122	19.1526116139939	0.127851458885942	0.127851458885942	1
"411"	411	61770	"Contra Costa"	"Orinda Union Elementary"	"KK-08"	2422	139.4700012	0	0.123899996	466	698.1999512	5933.154297	40.26399994	0.578034639	699.0999756	697.2999878	17.3657415871593	0.192402972749794	0.192402972749794	1
"412"	412	68908	"San Mateo"	"Hillsborough City Elementary"	"KK-08"	1318	87.05999756	0.151700005	0	412	698.25	7593.405762	35.81000137	2.807283878	695.4000244	701.0999756	15.1389850326111	0.312594840667678	0.312594840667678	1
"413"	413	69161	"Santa Barbara"	"Cold Spring Elementary"	"KK-06"	220	12.32999992	0.45449999	0	22	698.4499512	6500.449707	43.22999954	1.363636374	693.2999878	703.5999756	17.8426602941941	0.1	0.1	1
"414"	414	68981	"San Mateo"	"Portola Valley Elementary"	"KK-08"	687	44.59000015	0.304899991	0	209	699.0999756	7217.263184	50.67699814	1.164483309	698.2999878	699.9000244	15.4070418858252	0.304221251819505	0.304221251819505	1
"415"	415	69682	"Santa Clara"	"Saratoga Union Elementary"	"KK-08"	2341	124.0899963	0.170900002	0.59799999	286	700.3000488	5392.638672	40.40200043	2.050405741	698.9000244	701.7000122	18.8653402353273	0.122170012815036	0.122170012815036	1
"416"	416	68957	"San Mateo"	"Las Lomitas Elementary"	"KK-08"	984	59.72999954	0.101599999	3.556900024	195	704.3000488	7290.338867	28.71699905	5.995934963	700.9000244	707.7000122	16.474133728078	0.198170731707317	0.198170731707317	1
"417"	417	69518	"Santa Clara"	"Los Altos Elementary"	"KK-08"	3724	208.4799957	1.074100018	1.503800035	721	706.75	5741.462891	41.73410797	4.726100922	704	709.5	17.8626250806278	0.193609022556391	0.193609022556391	1
"418"	418	72611	"Ventura"	"Somis Union Elementary"	"KK-08"	441	20.14999962	3.563499928	37.19380188	45	645	4402.831543	23.7329998	24.26303864	648.2999878	641.7000122	21.8858564921402	0.102040816326531	0.102040816326531	0
"419"	419	72744	"Yuba"	"Plumas Elementary"	"KK-08"	101	5	11.88119984	59.40589905	14	672.2000122	4776.336426	9.951999664	2.970297098	667.9000244	676.5	20.2	0.138613861386139	0.138613861386139	1
"420"	420	72751	"Yuba"	"Wheatland Elementary"	"KK-08"	1778	93.40000153	6.923500061	47.57120132	313	655.75	5993.392578	12.50199986	5.005624294	660.5	651	19.0364022577549	0.176040494938133	0.176040494938133	1
